133384038489
299156485535
181512321941
166265930269
109855205771
145148454849
133384038489
178030346629
178030346629
172148138449
299156485535
113326056652
240334403738
142737097551
142737097551
101561640293
157972364791
113326056652
745619566929
299156485535
382092140314
178030346629
183912554808
946199385301
652088976316
154501513910
121619622130
240334403738
745619566929
499736303907
103972997591
115737413950
166265930269
157972364791
828555221707
127501830310
558558385704
109855205771
121619622130
627975403335
828555221707
100502146709
103972997591
166265930269
107443848472
119208264832
133384038489
146803813126
160383722090
152090156612
686797485132
127501830310
532732225143
154501513910
142737097551
627975403335
828555221707
183912554808
148619305730
323270058517
569153321538
119208264832
178030346629
146803813126
264447976720
980907894116
163854572971
887377303504
100502146709
154501513910
142737097551
240334403738
828555221707
100502146709
652088976316
323270058517
157972364791
745619566929
133384038489
148619305730
160383722090
122690240144
113326056652
887377303504
558558385704
154501513910
980907894116
627975403335
119208264832
499736303907
103972997591
115737413950
569153321538
299156485535
178030346629
146803813126
710911058113
122690240144
240334403738
127501830310
