686797485132
121619622130
154501513910
532732225143
499736303907
828555221707
107443848472
166265930269
205625894923
205625894923
145870467846
163854572971
117680269947
558558385704
183912554808
163854572971
163854572971
548860555694
593266894520
263112401901
710911058113
146803813126
440914222110
119208264832
133384038489
593266894520
264447976720
485115032083
100502146709
652088976316
769733139910
157972364791
119208264832
178030346629
593266894520
178030346629
670948234440
686797485132
440914222110
558558385704
710911058113
121619622130
627975403335
178356000777
238886451423
764321599106
946199385301
148619305730
115737413950
569153321538
686797485132
440914222110
109103388756
323270058517
569153321538
142737097551
627975403335
122690240144
980907894116
163854572971
382092140314
163854572971
101561640293
121619622130
157972364791
142737097551
240334403738
382092140314
139266246669
294897993013
127501830310
440914222110
100502146709
145148454849
103972997591
109855205771
139266246669
593266894520
440914222110
686797485132
119208264832
887377303504
125887101224
548137020470
172148138449
146214120639
167214328795
101561640293
115737413950
532732225143
148619305730
946199385301
100502146709
145148454849
135601790657
113326056652
745619566929
181512321941
163854572971
119208264832
