909442689509
168331897766
164814185064
178293212000
178094565509
154401618063
955114068718
101561640293
919936941701
382092140314
882674376008
175788131061
613133139870
155931315857
143324799838
975252744750
172148138449
174703057589
161680501155
111515862543
661360285833
775500281378
172385423931
115737413950
576303700691
118308447059
658189983393
158443945018
540925062820
142089072541
146960896292
133384038489
970029219140
136767337937
149988526505
382092140314
154555664426
122578103377
150697392214
182392680209
731358057338
133384038489
299156485535
304119032494
106216329647
495612420409
173364443707
107443848472
740455652686
123501338171
205625894923
583047040138
323270058517
264447976720
108325248450
151818353723
820433824338
107443848472
169736781151
627975403335
711062155361
906093636707
114588107241
127552588287
427546682210
579016549820
272100755887
459854683088
168043854306
146803813126
108320739423
495840318359
171119462828
119647589343
143416472856
769733139910
135005654471
127247902457
125082039113
166274364168
286423987544
160383722090
569153321538
141697222719
149931596321
104132070957
155547028615
124103019337
145034185529
109855205771
683394701837
965039019067
347411284613
308919030176
143359112875
181286310448
181512321941
122690240144
163854572971
156510551222
