121619622130
992964680607
166265930269
143942776200
323270058517
100038517820
769733139910
546501599213
115737413950
934142598810
160383722090
138060568020
264447976720
412164360235
710911058113
487679517417
109855205771
875320517013
154501513910
132178359840
205625894923
182706876159
652088976316
428857435620
103972997591
816498435216
148619305730
126296151661
146803813126
176824667980
593266894520
370035353823
145148454849
122825300779
532732225143
167471608918
558558385704
335326845007
100502146709
781789926401
139266246669
116943092599
183912554808
161589400739
499736303907
276504763211
946199385301
722967844604
133384038489
111060884420
178030346629
155707192559
440914222110
217682681414
887377303504
664145762807
127501830310
105178676240
172148138449
149824984379
382092140314
158860599617
828555221707
605323681010
745619566929
522388026232
119208264832
968851107625
169736781151
147413627081
299156485535
759249448388
686797485132
463565944435
113326056652
910029025829
163854572971
141531418901
240334403738
171028630419
627975403335
404743862638
107443848472
851206944032
157972364791
135649210722
181512321941
180295518861
569153321538
345921780841
101561640293
792384862235
152090156612
129767002542
122690240144
174413310681
980907894116
757676353419
142737097551
120413943481
