804088158760
519030254850
163703101914
868686579787
136975221203
127530087323
150216560856
256256684957
170198190469
740536855540
145058940979
187566195116
177307706404
117674097740
420141529604
170200452162
162354937644
569122532290
413197095465
689484724776
168788139847
437413046626
109590377964
414699055982
109103388756
386574760610
232704097923
927261035022
941360138905
137629119163
122346990101
209487334131
124175672116
181110996511
128929112115
181541887124
130919647164
333691280182
275216626722
580043161405
159305937313
149568849459
182775563798
607416412008
161157937524
916197480987
179573750495
172945897507
160632206782
156278307101
592622374885
138468698681
104257144893
785624488311
145269618270
597962190560
551140899203
102035482211
370141619910
771637376531
172412134666
758262546169
205922909655
360149911302
181344385836
532508761418
817308755741
685709151481
649014321325
969526819126
853992421005
568990915830
122964393862
940445662992
183078002294
113691583182
427132495613
108215911240
680463152519
138710800097
147822888588
129170308112
140865449873
102007640630
637916841907
110778944184
781635933209
337096875288
412530848146
259005503098
108709277243
170898417916
158827973810
435404990229
528242978435
160829708070
299117380390
989017983024
985847680584
156879988267
