521540996147
142737097551
710911058113
172148138449
686797485132
134062582205
163854572971
240334403738
264447976720
264447976720
710911058113
154501513910
532732225143
946199385301
745619566929
163854572971
240334403738
157972364791
834833079086
317707420466
323270058517
803908315893
122690240144
985962808820
558558385704
177184805974
181099797301
176561083443
686797485132
101561640293
710911058113
160383722090
142737097551
101561640293
107443848472
113326056652
382092140314
119841909163
577944847962
165281854776
139266246669
593266894520
183912554808
145148454849
148619305730
805083981096
400673864492
382092140314
627975403335
686797485132
828555221707
101497407056
166265930269
152090156612
181332041422
145148454849
103972997591
885441252199
154470892661
299156485535
382092140314
887377303504
119208264832
347189411107
161612371761
609281687054
599022727527
150442960741
114043356259
106844932618
121619622130
331023521325
139266246669
745619566929
232112322728
933892382367
157972364791
686797485132
812775721839
103972997591
113784387046
101561640293
264447976720
317146290949
710911058113
323270058517
154554533580
100502146709
558855400436
569153321538
157972364791
769733139910
503537486688
127501830310
440914222110
139266246669
145148454849
887377303504
240334403738
166265930269
