109855205771
116039231926
141246399741
264447976720
139189580832
161915109513
516563863277
307599558186
282745510932
134884804663
558558385704
137289989755
120901505290
451043675876
567615994042
164936543460
448698617737
172148138449
163854572971
154501513910
874419795873
103972997591
124269695013
205625894923
593266894520
115047867737
181233604392
240334403738
587628300382
163854572971
172148138449
369214282380
815508338895
264447976720
119779120385
304273122306
145148454849
264447976720
155988819181
538997183843
163086201773
264447976720
148619305730
924512073312
331713131168
775702674097
199846419559
123888445889
836339617334
160383722090
545143568332
988781664924
157972364791
169736781151
299156485535
104327222367
686797485132
107443848472
339865317785
139266246669
133832286162
101561640293
598910735425
119208264832
154891714909
561054541090
946199385301
107158570324
382092140314
843877268265
569153321538
137128953952
152090156612
299156485535
325542086128
424430811375
183912554808
127501830310
169736781151
240334403738
105400279396
169736781151
451916054080
980907894116
171908802344
142737097551
321802625414
120344110639
946199385301
745619566929
240334403738
152090156612
142737097551
105980904057
569153321538
121619622130
519246066728
109855205771
152090156612
140400041854
