000000000048
000000001223
000000001189
000000001929
000000000749
000000000343
000000001340
000000000441
000000001561
000000001609
000000001184
000000001181
000000001263
000000001086
000000000960
000000001828
000000001967
000000000905
000000000063
000000001689
000000001288
000000001368
000000000342
000000000420
000000001729
000000000044
000000000529
000000000500
000000001265
000000001481
000000001300
000000001043
000000001103
000000000304
000000000308
000000001746
000000001786
000000001789
000000000460
000000000301
000000000129
000000000809
000000000688
000000001641
000000001747
000000001524
000000001607
000000000627
000000000221
000000000944
000000001849
000000000748
000000001800
000000000784
000000001028
000000000502
000000000309
000000000707
000000000000
000000001883
000000001209
000000001242
000000000862
000000001323
000000001706
000000001281
000000001803
000000000767
000000001142
000000001924
000000001767
000000000369
000000000222
000000000486
000000000327
000000001006
000000000682
000000001345
000000001287
000000001145
000000000080
000000000780
000000001445
000000001823
000000000603
000000000125
000000000886
000000000782
000000000220
000000001848
000000000245
000000000485
000000001725
000000000449
000000000402
000000000808
000000001161
000000000645
000000000728
000000000986
000000000365
000000000001
000000000223
000000001624
000000001684
000000001940
000000001162
000000001244
000000000988
000000000841
000000000946
000000000882
000000001983
000000001687
000000000581
000000001881
000000001480
000000001987
000000000982
000000001260
000000000120
000000001001
000000000320
000000000243
000000000106
000000000824
000000000445
000000001801
000000001080
000000000405
000000001943
000000000088
000000000786
000000000045
000000000364
000000001864
000000000643
000000000144
000000000943
000000001647
000000001382
000000001040
000000001248
000000000681
000000000021
000000000087
000000001625
000000000326
000000001584
000000001960
000000001127
000000000560
000000001840
000000001188
000000000282
000000001009
000000000623
000000000842
000000001844
000000000844
000000000084
000000000602
000000000487
000000000622
000000001361
000000001563
000000000624
000000001282
000000000768
000000000206
000000001508
000000000741
000000000266
000000001064
000000001821
000000000109
000000000542
000000000686
000000001904
000000001901
000000000107
000000001549
000000001604
000000000869
000000001785
000000001660
000000001602
000000000984
000000000524
000000000081
000000000964
000000001723
000000000606
000000000881
000000001389
000000001527
000000000709
000000001523
000000000387
000000000286
000000000648
000000001303
000000001067
000000000403
000000000509
000000001046
000000000288
000000000340
000000000027
000000001661
000000001381
000000001229
000000000863
000000001483
000000001763
000000001469
000000000247
000000001143
000000000543
000000001548
000000000980
000000000526
000000000148
000000000347
000000000646
000000000083
000000001906
000000001286
000000001089
000000000122
000000001442
000000001824
000000000765
000000000123
000000001562
000000000066
000000000505
000000001348
000000000367
000000001304
000000001087
000000001182
000000001169
000000001927
000000001107
000000001887
000000000141
000000001420
000000001766
000000001202
000000001643
000000001045
000000001246
000000000621
000000000466
000000000823
000000001645
000000000883
000000000965
000000000261
000000001501
000000000609
000000001947
000000000685
000000001020
000000001526
000000000161
000000001700
000000001642
000000000306
000000000300
000000001648
000000000265
000000001428
000000001963
000000001603
000000001707
000000000100
000000001544
000000000042
000000001941
000000001586
000000000082
000000000701
000000001782
000000000825
000000000143
000000000724
000000001629
000000000429
000000001228
000000000822
000000000989
000000001289
000000000787
000000001429
000000000540
000000000046
000000001360
000000001403
000000001166
000000001622
000000001600
000000000322
000000000969
000000001546
000000000007
000000000103
000000001328
000000001727
000000001424
000000000068
000000000383
000000000762
000000000506
000000001068
000000001626
000000001805
000000001440
000000001909
000000001683
000000000941
000000000385
000000000026
000000000204
000000000028
000000001529
000000000926
000000001665
000000001283
000000001708
000000000368
000000000363
000000000545
000000000464
000000001827
000000001748
000000000885
000000001268
000000000769
000000000049
000000000281
000000001724
000000000229
000000001149
000000000580
000000000203
000000001306
000000001461
000000000585
000000000907
000000000860
000000001663
000000000002
000000000121
000000000981
000000001646
000000000260
000000001742
000000000345
000000000388
000000000626
000000000727
000000001886
000000001961
000000000848
000000001327
000000000746
000000001682
000000000568
000000000985
000000000102
000000000004
000000001946
000000000448
000000001768
000000000280
000000001384
000000001686
000000001928
000000000146
000000000880
000000001385
000000000546
000000001443
000000000325
000000000604
000000000020
000000000909
000000001467
000000000386
000000001123
000000001482
000000000262
000000001507
000000001521
000000000180
000000000962
000000001402
000000001100
000000000142
000000001485
000000000024
000000000868
000000001664
000000001280
000000001024
000000001841
000000001709
000000000224
000000000742
000000000983
000000000488
000000001484
000000001923
000000000900
000000001728
000000000566
000000000263
000000000126
000000000525
000000000465
000000001502
000000001146
000000001787
000000001628
000000000302
000000001226
000000001060
000000001902
000000001366
000000001108
000000001804
000000001721
000000001589
000000001605
000000000584
000000001720
000000001702
000000001744
000000001388
000000000285
000000000583
000000000108
000000001069
000000001861
000000001322
000000001302
000000000684
000000001301
000000001187
000000000427
000000001349
000000001666
000000001807
000000000562
000000001200
000000000888
000000000725
000000001241
000000000928
000000001008
000000001180
000000000906
000000000922
000000000264
000000000840
000000000086
000000001806
000000001021
000000001761
000000001206
000000001141
000000001982
000000000348
000000000205
000000001862
000000000447
000000000443
000000001504
000000000169
000000001867
000000000181
000000000406
000000000761
000000000023
000000000865
000000001326
000000001247
000000001868
000000001044
000000001325
000000000763
000000001105
000000001486
000000001464
000000000269
000000000361
000000000760
000000001285
000000001406
000000001047
000000000149
000000000829
000000000806
000000000561
000000000128
000000001543
000000000722
000000001905
000000001741
000000001743
000000001842
000000001124
000000001201
000000001949
000000001063
000000001383
000000000467
000000000040
000000001462
000000001346
000000000185
000000001802
000000000329
000000000324
000000000469
000000001487
000000001468
000000001587
000000000666
000000001565
000000000826
000000000060
000000000949
000000001783
000000000605
000000001620
000000001581
000000001826
000000001423
000000000827
000000000821
000000000663
000000000401
000000001126
000000001004
000000001669
000000001147
000000001667
000000001407
000000000009
000000000642
000000000140
000000000600
000000000582
000000001547
000000001740
000000000802
000000001220
000000001167
000000001320
000000001568
000000000165
000000001888
000000000065
000000001049
000000000267
000000001387
000000001488
000000000726
000000001160
000000001582
000000001845
000000001186
000000001164
000000001489
000000001685
000000001264
000000001284
000000001208
000000000704
000000000507
000000000649
000000001083
000000001205
000000001421
000000000743
000000001623
000000000668
000000001363
000000001104
000000001788
000000000925
000000000483
000000001262
000000000587
000000001129
000000001865
000000001305
000000000547
000000001061
000000000182
000000001980
000000000382
000000001101
000000001023
000000000101
000000001222
000000000240
000000001820
000000001627
000000000202
000000000186
000000001102
000000001882
000000000067
000000001343
000000000461
000000001704
000000000845
000000000162
000000000008
000000000588
000000001968
000000001668
000000000689
000000001249
000000000069
000000000948
000000000647
000000001762
000000001148
000000001808
000000001981
000000000923
000000000167
000000001422
000000001203
000000001447
000000000705
000000001066
000000000789
000000000620
000000001025
000000000640
000000001649
000000001365
000000000184
000000001125
000000000404
000000001621
000000001007
000000000209
000000000226
000000000889
000000000729
000000000847
000000000924
000000000349
000000000064
000000000489
000000001408
000000000744
000000000268
000000000721
000000001041
000000001644
000000000424
000000001945
000000001240
000000000003
000000000208
000000000884
000000000104
000000000628
000000000963
000000001907
000000000480
000000000669
000000000629
000000000661
000000001224
000000001780
000000000800
000000000788
000000001002
000000001505
000000001984
000000001144
000000000541
000000000043
000000001128
000000000920
000000001860
000000000287
000000000440
000000000189
000000001749
000000001688
000000000145
000000000061
000000001681
000000001843
000000001000
000000000025
000000000147
000000000967
000000000360
000000000904
000000001541
000000000366
000000001446
000000000849
000000001441
000000001885
000000001942
000000000428
000000001863
000000000745
000000001362
000000000887
000000001427
000000001765
000000001560
000000001846
000000000362
000000000484
000000000462
000000000945
000000000163
000000001606
000000000805
000000000244
000000000708
000000000665
000000000846
000000000961
000000001540
000000000127
000000001183
000000000047
000000000041
000000000801
000000001569
000000001542
000000001825
000000000987
000000000785
000000000463
000000001866
000000001084
000000001425
000000000225
000000001386
000000001528
000000001444
000000000565
000000000284
000000001400
000000000426
000000001922
000000000567
000000001227
000000000508
000000001566
000000000183
000000001463
000000000421
000000000442
000000000843
000000000607
000000001321
000000000105
000000000522
000000001583
000000001920
000000000544
000000000828
000000001065
000000000902
000000000164
000000001163
000000001245
000000000468
000000000409
000000001062
000000001962
000000001140
000000001829
000000001986
000000001509
000000000942
000000000807
000000000548
000000001344
000000000764
000000001026
000000000966
000000001122
000000000305
000000000501
000000000124
000000000207
000000000321
000000000662
000000000549
000000000940
000000001367
000000000625
000000001347
000000001342
000000001640
000000001988
000000000328
000000000569
000000001460
000000000921
000000000861
000000000380
000000000608
000000001585
000000001908
000000000901
000000001266
000000000422
000000001267
000000000085
000000001042
000000001503
000000001764
000000001003
000000000528
000000001380
000000000667
000000001109
000000000389
000000000200
000000001567
000000001588
000000000968
000000001745
000000000444
000000000720
000000001207
000000000187
000000001680
000000000006
000000001545
000000000702
000000000384
000000000864
000000001760
000000000344
000000001426
000000000241
000000001921
000000001969
000000000062
000000001784
000000001506
000000000747
000000001520
000000000700
000000000005
000000001608
000000000160
000000000283
000000000346
000000001726
000000001409
000000001989
000000001822
000000000589
000000001869
000000001662
000000001185
000000001703
000000001341
000000001204
000000001022
000000000246
000000001564
000000000168
000000001701
000000000248
000000001405
000000001081
000000001926
000000001307
000000000929
000000000249
000000001308
000000000803
000000001925
000000000201
000000000022
000000001120
000000001965
000000000482
000000000563
000000001324
000000001029
000000001500
000000001401
000000000446
000000001722
000000001309
000000000307
000000001948
000000001466
000000001944
000000000601
000000000408
000000000664
000000001329
000000000407
000000000641
000000000867
000000000660
000000001847
000000001106
000000000029
000000001580
000000001369
000000001121
000000001900
000000000586
000000001085
000000000683
000000000228
000000000425
000000001966
000000001522
000000001225
000000000564
000000000503
000000000188
000000000521
000000001082
000000000520
000000000903
000000001985
000000000680
000000000400
000000000303
000000000908
000000001903
000000000423
000000000703
000000001449
000000001601
000000001525
000000000289
000000001448
000000001781
000000000644
000000001769
000000000804
000000000481
000000001884
000000001880
000000000866
000000001964
000000000766
000000001269
000000001221
000000001364
000000001261
000000000706
000000000820
000000000927
000000000723
000000001465
000000000242
000000001404
000000000227
000000000740
000000000781
000000001889
000000001705
000000000687
000000001168
000000000166
000000000341
000000001048
000000001243
000000000523
000000001809
000000000089
000000000783
000000001088
000000000381
000000000504
000000000527
000000000323
000000001005
000000001027
000000001165
000000000947
