941518478140
687322099385
639094953422
121625221735
992964680607
153295835261
650627125659
122778438959
791916244033
745094952676
141437695261
133284715244
393841054768
152189479857
155660330739
227808999046
146279198873
164861605129
127507429915
932736744204
636069339633
132131498020
139073199783
754488968029
108696388942
115638090705
105178676240
733562780438
648613908031
604855062808
168484240682
921561198066
146155487007
792853480437
704028885243
474160880269
407478178216
145708204226
143246910121
151496688765
102720457122
674272080439
146279198873
462628708031
735080627146
274210713403
861801879865
149778122559
422671805024
182508229668
205681890974
745675562980
217682681414
321808207860
603930900627
754563266369
117955724362
862739116269
110967160779
180447303532
157977964397
934142598810
415623132340
116691578036
134391070647
178484134434
132178359840
518113718573
109709020705
874851898811
100309099823
251738287693
792853480437
157977964397
992964680607
311213272026
130826496125
241327636193
310744653824
478937666302
851675562234
281664170776
176824667980
139120061603
103826812525
975577364123
858530155488
605323681010
148581362224
556627916845
558033771451
274518298300
499792299959
144328009668
177884161563
305780590892
147328427379
177981203912
140331339857
122825300779
145002269783
570146553993
604855062808
123837932542
569677935791
116849368959
792853480437
921092579864
992964680607
311213272026
356516716675
369566735621
160396776345
156874134707
134731556328
252391190229
169590596085
995698996184
120367081661
181553658935
450984543691
173963766208
179914421334
862839061615
169684319725
153202111620
174565095352
107546102984
618335967214
125918354547
829402987834
175624588936
161589400739
321808207860
373776474079
263923362467
991012814165
639094953422
292156455839
134344208827
851206944032
920623961662
163953896217
129720140722
381567526060
450984543691
159084319800
145049131603
134449131678
108649527121
802979798069
138013706200
100309099823
162742617962
122626654288
578378427492
145778171261
356516716675
428388817418
153248973441
499211689654
393211690400
174460172502
420115584506
112120378003
166818468718
147319903441
108696388942
115638090705
781789926401
133237853424
511324472196
754563266369
286631080842
205101280670
141437695261
102814180762
235278415125
134542855318
865417445290
746144181182
110862237929
980963890167
140226417007
910029025829
110633453654
134542855318
155660330739
345453162639
541670001611
127507429915
106287219506
143895914379
110164835452
264972590973
100677053999
129767002542
474160880269
140271090964
999830582322
103978597196
204632662468
276504763211
139947462662
147366765261
345453162639
135267795643
616387235046
875320517013
153295835261
262986126063
769361138877
746144181182
403806626234
102814180762
181506797115
167471608918
145002269783
157085516806
884491881184
969319725827
582457183598
102767318942
802979798069
105131814420
832138597455
568628707285
499792299959
482276887236
100355961644
160237537024
132131498020
144955407963
628500017588
122731577139
910497644030
557565153249
588115114888
146307271678
161542538918
733094162236
134495993498
873334052103
109860805376
110522199847
369566735621
438983753252
569677935791
275567526807
116578221286
142590912485
113425379898
225426495304
134391070647
215696216504
146859809177
745675562980
141152583067
128660647138
791916244033
367542825108
108696388942
744626334474
816498435216
134747026635
444278649846
147328427379
115684952525
814511970306
319039027066
155707192559
172001953383
648613908031
663677144605
826624752848
145095993423
393211690400
130302967603
124448367238
125189796257
180248657041
106191308003
506982378982
459038828591
252391190229
121473437064
143895914379
278348793738
873334052103
106822553402
116473700236
909560407627
168986917249
746144181182
403806626234
102814180762
169742380756
158860599617
733562780438
511324472196
122778438959
425809695447
509806625488
114578597121
744626334474
816498435216
153295835261
262986126063
333606010855
922610426572
134391070647
756739117016
146859809177
605477032526
768271289253
182660014339
134278408433
174497920431
862270498067
816498435216
100355961644
148196128756
392162461894
164966527980
156813547963
135647096689
898965471793
149396207800
157923363213
104980029749
553389379554
135649210722
156766686142
134542855318
159164730197
466978973572
121520298884
157454745011
759249448388
140537049617
310744653824
885063455827
158024826217
170848736159
880377273808
110920298959
593974133564
133246952958
933205362406
104628418687
134449131678
122206985305
122778438959
885446834645
145251110697
910497644030
150931339783
992964680607
311213272026
474160880269
125710245855
175671450756
153202111620
763935630407
784256808511
553703724994
180248657041
674272080439
452033772197
123270621124
863319726574
370035353823
100355961644
865198806726
334858226806
110164835452
115789875376
128613785318
969319725827
156813547963
585020201432
415338798472
628968635790
170895597980
104663161521
969319725827
342459115775
733562780438
118508003824
175532979328
440970218162
986326632146
759249448388
118002586183
840143389996
135602348902
440389607857
115684952525
176626021489
135215644837
175519666085
111060884420
133237853424
865198806726
781321308199
749904782226
521450789828
114578597121
113468996839
204164044266
933673980608
134278408433
382616754567
450984543691
786068638006
102331161542
465878697353
104025459016
874571170765
403806626234
735080627146
169742380756
111060884420
172001953383
591805043863
781321308199
556627916845
554063985175
133284715244
745675562980
102692777557
176777806159
639563571624
675677935045
174198198193
169742380756
111060884420
172001953383
146307271678
663677144605
826624752848
115789875376
393211690400
151036262633
675209316843
134449131678
120413943481
979446043459
107543171718
177884161563
598948766661
286631080842
169684319725
568628707285
129560161936
116943092599
127355645244
123683472600
722499226402
885446834645
150978201603
129438935104
510387235792
487679517417
108649527121
730874024821
497805835048
121672083555
182613152519
156918470813
440970218162
391693843692
463565944435
142590912485
175718312576
521919408030
811578867832
756739117016
439920989655
171327471779
145341962469
176777806159
108602665301
119769976645
945893878444
174413310681
415338798472
628968635790
850738325830
332677828643
639094953422
322276826062
450515925489
522388026232
168531102502
146307271678
102720457122
286631080842
175671450756
521450789828
139166923423
263454744265
335326845007
144160801659
153248973441
264972590973
874383280609
617436463552
150931339783
128462000647
757676353419
979446043459
169836104396
404275244436
440389607857
169789242576
176626021489
135215644837
744626334474
781789926401
139120061603
152189479857
111014022599
123837932542
921561198066
152037695186
145154054454
106441177683
674740698641
452502390399
116896230779
127308783424
152142618037
686272870879
180342380681
121625221735
128462000647
135649210722
110633453654
805434881181
580741489827
162602032502
862739116269
568628707285
168577964322
628031399386
134449131678
120413943481
136708704305
300149717990
180248657041
885063455827
163907034396
141437695261
559819216046
134747026635
768271289253
487210899215
120367081661
981432508369
286350352796
697917035219
880377273808
163860172576
990333629058
158071688037
310744653824
885063455827
109802744345
755689888509
162800678993
204632662468
276504763211
380630289657
128812579468
440389607857
169789242576
312281243024
163860172576
158860599617
287099699044
511324472196
111014022599
168484240682
921561198066
334389608604
139037713546
759249448388
118002586183
898965471793
604855062808
177837299743
181448736085
122731577139
617436463552
150931339783
182566290699
982480116714
523904252779
115789875376
128613785318
969319725827
169637619921
311213272026
181355012444
687790717587
350249429461
874571170765
403806626234
735080627146
115638090705
122825300779
100355961644
204164044266
156378295982
163802111546
580272871625
325667238277
155707192559
133237853424
591805043863
781321308199
826624752848
145095993423
778042888086
451565153995
182706876159
102767318942
802979798069
176777806159
108602665301
133436499915
992027444203
697917035219
734031398640
105038090779
910029025829
162648894322
883674952779
127449368884
687322099385
156155214805
162648894322
140046727344
134391070647
109035430163
851206944032
116912711134
174366448861
296842637859
103920536166
135555487081
109860805376
444997926555
819810780712
105084952600
161481472793
439452371453
115591228885
138013706200
139073199783
264972590973
402791996196
932156133900
133389638094
110920298959
549983784448
149778122559
175181206250
165730449624
869884988745
158860599617
733562780438
511324472196
122778438959
835821555246
153202111620
194037726634
510387235792
412164360235
108649527121
124944287946
145159761450
134495993498
216745445010
252859808431
451565153995
428857435620
102767318942
166119745204
105131814420
251922572027
106628362182
175714812439
115743013555
932736744204
792384862235
142590912485
175718312576
166342448400
342097200872
159084319800
133389638094
172707779041
834017224590
830026617094
696867806712
102814180762
263454744265
664145762807
321808207860
570146553993
161542538918
177837299743
406723894564
146859809177
130457831198
142590912485
358971799787
166342448400
112073516183
351079038729
100038517820
499086625360
112371804380
180447303532
281664170776
143942776200
698854271623
474160880269
124496705909
569677935791
873334052103
120460805301
863319726574
126296151661
518113718573
768271289253
487210899215
159131181620
162742617962
991012814165
697917035219
381098907858
163860172576
132996509768
576365045318
152142618037
325692253037
686853481183
217682681414
321808207860
139895647668
106191308003
745094952676
348774513040
398105814177
132883980670
113425379898
820368774095
334389608604
532064611723
605323681010
733562780438
511324472196
111014022599
345453162639
146260409857
627450789082
144845292154
135649210722
919522947147
497805835048
121672083555
122731577139
910497644030
150931339783
274049680099
151316333467
217214063212
438983753252
499211689654
128613785318
969319725827
156813547963
398105814177
172724861990
334858226806
556627916845
616855853248
933205362406
117727464585
116943092599
944737534644
650627125659
176777806159
497805835048
558033771451
874383280609
617436463552
150931339783
274049680099
380630289657
605323681010
570146553993
639563571624
126873031762
628500017588
851675562234
685804252677
582413123560
120460805301
181506797115
139120061603
123683472600
928470222925
862270498067
640032189826
107543171718
106191308003
176626021489
139166923423
116943092599
154355328844
874851898811
296842637859
147231549131
105178676240
162648894322
179189163458
346112721529
852724790740
863319726574
116943092599
380630289657
591805043863
276036145009
826624752848
175566527905
164944041373
159178043441
121473437064
138013706200
127308783424
175566527905
568628707285
120460805301
803448416270
161589400739
118002586183
163151357979
205101280670
141437695261
205681890974
745675562980
183766369743
980230523073
169684319725
146899331395
356516716675
781321308199
138132178139
826698521671
154319381335
639094953422
157454745011
129767002542
150524824383
163907034396
215696216504
115638090705
664145762807
733562780438
358971799787
128497575071
100078361261
100355961644
570146553993
722499226402
123837932542
175566527905
275567526807
793902708943
181506797115
781789926401
123884794362
166688113638
452033772197
755689888509
674645933058
709449207456
138013706200
913175829482
381098907858
105038090779
615918616844
175718312576
513128763471
911546872537
175519666085
428857435620
166119745204
874851898811
556627916845
115789875376
627450789082
180447303532
803448416270
154335103929
334858226806
556627916845
168096324209
103978597196
150194868339
300149717990
126249289840
323794672770
146710394539
175743564494
144955407963
127554291735
393211690400
111712653990
139120061603
397275328424
392162461894
151036262633
842801173413
109709020705
122778438959
438983753252
152142618037
216745445010
167315688306
162648894322
169836104396
909560407627
922610426572
392162461894
639094953422
734031398640
274049680099
120413943481
415338798472
933673980608
197744738558
440970218162
134344208827
851206944032
181355012444
107543171718
114484873481
127554291735
333340380097
151036262633
150931339783
412164360235
139120061603
597254030269
874383280609
676258545349
181506797115
173274683046
249426273071
121520298884
398105814177
135649210722
130826496125
107543171718
816029817014
138591325766
103873674345
968851107625
105845946916
308869546909
169742380756
105178676240
733562780438
106735315581
627450789082
139271846274
583096379835
570146553993
604855062808
440389607857
157923363213
980520529102
133389638094
391693843692
171028630419
532982962066
241327636193
134278408433
770552514627
157454745011
147413627081
118002586183
393680308602
151068665770
156874134707
