165910061518
521167481395
263454744265
463565944435
126289739670
286990116144
932156133900
127502163127
109709020705
644595274680
509806625488
162800678993
450515925489
120413943481
709449207456
126773727720
180447303532
140331339857
605323681010
136708704305
487210899215
497805835048
140378201678
580272871625
852724790740
140331339857
122825300779
177884161563
520860491224
627450789082
135215644837
175624588936
759249448388
252717621806
981432508369
101922391788
881334546747
132736409708
932156133900
150062495288
358971799787
757207735217
121567160705
157919903366
144775958084
768271289253
102372238598
506382287890
615918616844
125189796257
850738325830
799877403777
381098907858
122579792468
102767318942
204164044266
933673980608
120278639165
264503972771
176824667980
145002269783
146307271678
135602348902
296842637859
134391070647
990978215697
143796272673
650627125659
167424747098
201248064122
145049131603
165830408881
174366448861
156832715861
145810580671
176767575779
227808999046
987574097182
141589332273
169251315080
504810891863
133237853424
106046481293
105084952600
392299711134
323326054568
122579792468
160172412725
956271183473
175714812439
156352275884
628968635790
134278408433
195453125970
450515925489
134153319954
177837299743
863788344776
176730944339
734031398640
182566290699
201940810099
150837616142
103920536166
153964662634
161101099684
206150509176
627450789082
174565095352
179678262760
854700541915
144945265769
100202439501
116896230779
615449998642
105084952600
132899707202
164996997632
153562670619
175933336878
141484557081
296842637859
152335229562
161589400739
173778672744
615449998642
843454853626
189615168862
126249289840
127554291735
627450789082
194037726634
171197268296
659706818335
110967160779
139166923423
169742380756
172386961425
757207735217
675677935045
149007877111
332871761895
150266017186
139213785244
612363440464
370035353823
145002269783
101660963538
116896230779
163911004384
103978597196
151011965188
142998425428
558614381755
107997517768
169428591453
182549976298
123884794362
119307588077
124082461605
146091405367
262986126063
276036145009
286631080842
770052963607
487679517417
133237853424
755517833883
182613152519
142202913705
180907821788
804966262979
135555487081
634134066005
173091011200
104520416912
117304768087
217192184586
814511970306
127402507064
110920298959
254265095597
139073199783
140378201678
140273278827
131223848580
168531102502
452502390399
114248097832
175945681291
155093758786
106191308003
103920536166
156874134707
159365550194
179189163458
141484557081
139213785244
134391070647
181781840945
252391190229
163161541186
451514002094
398105814177
170942459800
356516716675
138013706200
721042363465
623589400207
144052574457
172485789836
109755882525
163657556098
149686523371
132411886405
603930900627
311488408132
793902708943
100495553498
884387957220
175577787046
154614132104
286631080842
386040353869
392743072199
159178043441
145341962469
710497697667
156918470813
467629621839
146307271678
127513968037
135722533074
153295835261
123683472600
161542538918
112073516183
452033772197
176730944339
568061064984
112249809369
109802744345
135928390493
806925331106
114551216813
662934866889
152189479857
112134910279
170743813309
322276826062
392743072199
193569108432
262986126063
143895914379
826624752848
146260409857
141853642103
116943092599
864103363704
613165003027
450515925489
134759851069
129820110398
123550558656
380833316482
127142882634
840205850358
155831195121
195605105083
981521418257
391142546045
440970218162
685804252677
581210108029
125725972388
252776207739
147413627081
145627955845
134495993498
923820401245
165060251620
453838063473
181703333511
781789926401
287099699044
903287058784
110685123572
147413627081
142590912485
628968635790
911635342740
174132094645
160237537024
118495282386
151036262633
510387235792
276504763211
169455535451
300149717990
964962065636
117318761323
498274453250
764701772467
109802744345
696867806712
112615575682
142590912485
739106675997
150752692780
105576239764
380161671455
174562667706
132178359840
139120061603
876013857716
301708042246
182971527593
242757480124
145154054454
451565153995
167471608918
147940562499
264972590973
183268019309
120413943481
478286279739
169789242576
755689888509
922141808371
450515925489
345921780841
173155296294
156860409783
402791996196
851675562234
181401874265
126296151661
127355645244
101660963538
276036145009
123837932542
628500017588
152037695186
168577964322
716873389693
129386214690
286350352796
639094953422
265179348659
898965471793
155660330739
139213785244
105084952600
720930371362
172001953383
162686892454
333245470944
435037391282
710481209443
617436463552
153577011483
709449207456
138013706200
444765866970
332200260437
603930900627
180248657041
353174359608
162617617856
241327636193
159131181620
135290286189
259097084074
663677144605
104348798707
862270498067
276504763211
133237853424
120604215546
991012814165
617436463552
168337433961
358971799787
816029817014
284225777229
869884988745
522388026232
142590912485
158071688037
110164835452
277329720373
177580620935
123683472600
144779188606
318241683637
892425753897
120021628449
418793330592
722499226402
101680448988
115743013555
138060568020
470076245485
127554291735
333340380097
881250207759
615918616844
169836104396
251922572027
162742617962
116849368959
194037726634
151339803261
982788583477
212508092818
102606371326
731484686078
108696388942
130237599581
143895914379
134278408433
471553366887
730892767313
113425379898
757207735217
162742617962
148815265587
922610426572
182613152519
969319725827
121625221735
685804252677
170942459800
115870541993
115684952525
755689888509
939541171611
802979798069
791102595331
164966527980
133389638094
166254221868
407478178216
144955407963
422358443030
213279604429
172281964744
122391243055
215696216504
292156455839
398105814177
170942459800
979446043459
169836104396
164474663366
122731577139
792853480437
146213548037
167471608918
618803847120
129720140722
885063455827
980383279863
164966527980
382148136365
991558826001
757676353419
176067584178
153248973441
156860409783
402791996196
180342380681
121625221735
991558826001
120413943481
124944287946
176777806159
345778117625
166506941108
991558826001
120413943481
861801879865
125585249687
140378201678
275567526807
736385510971
182706876159
102767318942
154355328844
176777806159
169107753238
116849368959
120460805301
115963153048
110633453654
141159494738
181553658935
933205362406
932156133900
121520298884
450515925489
605323681010
140843595340
102465785865
113550664903
863319726574
722967844604
896012640773
143588301221
122731577139
792853480437
157977964397
132178359840
102767318942
802979798069
124825252914
133436499915
128508862468
932156133900
112686876126
149594522382
132131498020
123837932542
803917034472
216745445010
180447303532
281664170776
271933401841
101660963538
276036145009
123837932542
628500017588
140273278827
792853480437
157977964397
143942776200
205679636706
165348774648
746144181182
696867806712
102814180762
169742380756
155707192559
172001953383
146307271678
663677144605
438983753252
569677935791
580272871625
159148405378
180295518861
183217574944
123837932542
134495993498
176626021489
793902708943
451565153995
116943092599
827093371050
334685989228
296842637859
103920536166
135555487081
109860805376
804497644777
846411598457
427117858975
994235639050
168682887173
263454744265
920954867267
107543171718
175878580199
174787922388
804497644777
664145762807
883877241309
153248973441
156860409783
119399021312
804497644777
664145762807
300670082820
195685386690
274518298300
174460172502
115743013555
164593472971
101660963538
276036145009
513427536553
616638381828
751205935191
463565944435
118002586183
898965471793
652035234534
103920536166
135555487081
109860805376
118064945171
615918616844
603930900627
111014022599
112073516183
803917034472
140273278827
793902708943
175519666085
182706876159
581210108029
166119745204
276116465997
181448736085
170722235377
103873674345
145485625685
462299244509
381567526060
109802744345
141437695261
752501636774
463565944435
118002586183
164095146548
126739597756
763935630407
863319726574
370035353823
885915452847
865198806726
132131498020
556627916845
109992424604
137439656681
190717803538
503003040566
378845479169
100697426573
321808207860
322024019863
885063455827
804966262979
755689888509
108696388942
102089137893
474160880269
157904406198
152142618037
568628707285
122295511863
608839013950
874851898811
144955407963
162742617962
392162461894
611466047500
392916152260
511324472196
420259986018
109802744345
336806220678
169752223693
154355328844
138013706200
234714110094
334389608604
690070179230
781789926401
944737534644
154355328844
138013706200
105441689270
144082312487
992964680607
120413943481
136708704305
169836104396
121304147674
103920536166
135555487081
109860805376
263454744265
132395106794
128039396274
952590348072
102814180762
115638090705
122825300779
965024382429
909560407627
111384815916
558614381755
115743013555
392743072199
129767002542
276977988757
163685084066
125582987994
172569582353
158860599617
733562780438
393680308602
155660330739
168484240682
221056605406
103978597196
103873674345
192082932838
995698996184
153248973441
701524284747
854937494123
370979103011
175718312576
141484557081
112073516183
182293209304
109860805376
181506797115
167471608918
158344769431
604855062808
380161671455
510855853994
140273278827
180447303532
157977964397
178418378205
872874488093
286436226344
697917035219
406721273356
129767002542
142590912485
176389479409
169684319725
687059644142
986326632146
463565944435
106238169823
125189796257
102720457122
733094162236
152398420139
355572967487
252391190229
415338798472
121057508517
916870794649
735080627146
863319726574
370035353823
145002269783
666358466191
106191308003
815865751764
550463528160
551728751495
546032981012
270025251409
333340380097
159084319800
544791191656
136739159600
968382489423
227808999046
134495993498
176626021489
793902708943
744626334474
428857435620
153295835261
104399253490
183719507922
569677935791
873334052103
129998204004
217682681414
158431419384
914928191179
128508862468
156874134707
390116078030
120259729728
102720457122
112073516183
765988691476
734031398640
105038090779
725545346414
147104065844
181448736085
686272870879
617436463552
150931339783
182566290699
135447421895
111014022599
345453162639
902276301316
109860805376
263454744265
532097798810
452502390399
685213215777
863788344776
521450789828
130895922320
516082228599
113757339555
616396883965
126740414989
792384862235
142590912485
358971799787
271310693827
182613152519
175714812439
616387235046
932736744204
252391190229
415338798472
633817387535
640684948792
124169015494
311213272026
166740256603
134252384212
833235985298
953568904508
171337853757
259766291882
114154921375
152095756217
138060568020
640032189826
415338798472
112008240286
101035502903
662087149235
590215969739
107543171718
643708412501
146634204332
181506797115
122825300779
565053168251
116896230779
896043430021
182508229668
852724790740
115638090705
122825300779
133237853424
865198806726
217214063212
183719507922
499211689654
146155487007
174565095352
140331339857
949372768160
163953896217
251922572027
296842637859
103920536166
170848736159
980963890167
145810580671
217682681414
172001953383
275189165651
142673348728
177170180664
522388026232
728498811541
111518157797
814511970306
247815915048
114181470094
960599570388
759240629734
127402507064
140226417007
147413627081
228277617247
648613908031
161256506948
803917034472
216745445010
180447303532
281664170776
143942776200
129079570362
147366765261
796491519214
974597291714
576676335831
418170622578
109907667196
169789242576
462628708031
205681890974
109755882525
781789926401
139120061603
145341962469
126208162966
951166632840
381098907858
358524138964
142590912485
175718312576
728306211311
103920536166
135555487081
140480271030
640032189826
768271289253
369566735621
173830723584
178673652677
875973275979
570146553993
173306955278
139073199783
264972590973
122731577139
145154054454
122415765927
733562780438
511324472196
112970794064
151826884593
744626334474
428857435620
968321649222
125400606850
804966262979
755689888509
541030590612
352044666544
169836104396
180248657041
674272080439
883981061085
842037056452
174413310681
981015042069
159131181620
981432508369
679944456324
127507429915
744779091263
175472804265
241327636193
404275244436
179955498391
560965357953
860388140072
861801879865
766123300500
323794672770
991012814165
990978215697
134099546463
171028630419
142590912485
358971799787
179993246320
687322099385
110862237929
922141808371
178393415889
160237537024
358892851202
163802111546
580272871625
138674745196
226913369813
163953896217
174366448861
615449998642
863788344776
696867806712
102814180762
398105814177
141531418901
615918616844
119307588077
968382489423
156719824322
146279198873
755689888509
108696388942
140331339857
873459012208
451283217965
555325247908
