165181640468
308319765234
137120427020
423183324039
157013163284
110343345028
312431419025
640625585182
166961213328
142117310350
186068903104
103405035804
150847536847
128293324127
500621069131
166869127141
149114015544
529009685277
169580689737
718711606351
116980840528
169829266554
879282589529
153959135950
106912669722
482605573081
793374028217
119277118425
139998157229
183643018459
128037222769
136492852351
167524476991
170305708106
384011895438
143791970778
621552665261
154898279406
100434700221
992617846996
398284713489
283395365203
104397217225
544923546412
162561191291
139347204892
774088106031
731280039092
490803749620
502063589275
650024636729
106240357686
620759379213
572243351463
792232249015
345342686510
631528029215
481568574282
173552600829
553305922431
416661052386
157321651960
175332986983
119717348356
829417471810
117861863482
148838735381
188147735759
172941262794
140156099750
743599128163
115683973276
163918159777
712646424715
160350742176
181782158497
778033095598
156996834526
166857029942
477478380226
119602846403
242215053718
493580673183
278469983602
123560109044
135574968593
102375913267
970625347948
122315207166
101106573982
243698975044
686413397961
285039608881
205834504194
178154164033
516969051397
159055675343
326402081963
496422146208
774249877632
647400001017
764386505780
981058021643
225576671305
594501337699
119120003556
159554695351
161120526351
180090122715
100574632577
150444815786
143551370525
146986573153
951808187534
479389796281
324617271475
423461077706
106733871122
103079459423
331515726169
149118732385
347806814730
278269949341
270660366699
144089582921
396135104575
147864003144
156456895540
128006675349
895042321471
101680448988
103898109031
481139799521
173610495906
646215281622
146089139737
360235958306
138906172085
184025990235
637474168803
276573607088
743659968364
643212186656
821226180047
171883795057
142572557881
307646747803
114313603360
182332474335
179054686793
125290872004
647223784822
118969515686
116328601810
114735472207
139553680671
168081857285
320615316137
141030362629
473730733104
179372763635
151933677755
966773013266
931127268047
133083155782
163230664186
139890155454
435785163589
244678943264
105581059636
100975401669
188405828297
124509353516
144566204507
810765853238
357750333704
145539865371
628278287652
104312597057
119539606772
743749343545
147043964610
714195060672
166580273879
169770803724
152810050729
146315303776
232120159442
922392955152
529389562406
175492969707
160610592033
641410881855
163063692023
218315038346
250729680305
159419704648
118229655642
109317261368
877537478913
405632162028
112612496758
150163056771
107029105397
160373228783
215780493072
967922925414
120116482935
177231574760
140136114619
163008939283
137654112093
921310051284
146508746891
294444254649
513227232226
179162917933
889280609786
232770069413
702786188998
880467815731
177437773782
758909127964
181548765234
115048200555
137403517306
176960046125
164534672475
174318544381
151704512558
132841130472
165297703057
752594276138
647622508631
131945949764
698697200549
182465710956
115859828258
120494568886
168230640799
277360509621
441437176821
649393756389
151694190053
184788152173
172986102706
825097257221
154619251232
797748816829
156862583288
870391157141
135381469944
941364983055
653593558790
177238454486
502757811843
306526782420
130299962507
985851747057
102508515682
178789858986
110944596405
843900003044
141916490354
577657185917
119899485778
570167497015
103511079081
652347221516
890460533506
943351447965
176914230903
311274112227
636834972567
169977478376
634583020469
747914547075
678886247535
816846601850
350686337168
162628591639
183100807362
940051887522
171925224136
623732641742
202144535839
154743411854
162440267653
165195467750
123466321992
157081366508
260307940611
144507072104
576259343669
392471976325
131070281785
563063814965
860326418006
125824737388
167486630457
132701159317
110443314705
101932692598
219713498301
275454652839
125345854109
963658658403
768000661684
109984304319
159984905971
483408834568
902692885751
117189481554
857370555040
136151789222
854551698937
182233200195
149719895574
129330996739
116713447835
116942500793
121247276963
115776861389
163425459636
309542073802
459439806669
819736972508
102916975223
165167769653
146369468649
169829026770
470889260079
543975883412
101636436728
115568893875
158707368633
116428483300
173340489498
126668608841
125101126204
124014244023
157516466891
133799310187
609063919402
175790817696
109373967765
174709802397
154877814707
296429043725
186041884097
609210533431
106064969919
723627998220
970692988073
465694308831
143366287480
126053902585
516019911806
148518999298
127323241870
701563389892
849454438765
751301439070
317294060019
738531840182
161935892672
183227565541
160866076584
412963689380
557962995192
898071992640
503509921428
651769747346
116180287445
490940671629
319484290051
134223711041
104810648234
158999484624
330099444968
901082527728
207201214274
141520417035
125892475402
206355894459
359688169005
139603746459
149497142368
126127235357
813340917828
412748472229
125768081458
117532577011
155955011616
305542412114
173981436882
130650438785
517169823954
110039790044
876545713957
151814776026
290501419721
101061582473
123464969658
873505512003
180507238812
181773720660
176987411893
149207644030
637076042255
154031559363
146513858143
138280629744
149317516116
184807773940
102717452026
248119134978
167595685310
147051933298
116843676320
176921142574
120731702771
172505433364
454516364854
789314609329
224292045944
163966373932
156888754983
360315645187
935425643390
846580660519
175166924177
136169900103
878735943988
151441946443
660618200160
114909366460
426535628510
155550141101
137742554589
449571398624
747663504482
119506283622
537031033112
372439879760
459224589517
126402353016
223301588930
393263619979
329581438595
168046135203
972966675227
875044459660
179123045552
180381185627
137017466605
175531922312
139562317381
366877098139
107175535093
574236458371
152103890859
155600385040
102174501464
318763009094
146850285650
129378321836
715957992534
814754944761
145671742678
750698950140
154475449606
162828206960
529008803412
787903901481
566856721231
712730763703
107528956994
169031327185
171639280352
157181247998
677877813995
108241200883
178583920047
110715582805
251678819895
139289369288
258216283523
158435237774
307952856109
132312607140
108923517873
146597665016
616008313165
309470559247
110053113706
131209560026
128481810739
181259355082
897622998796
994570256506
325773455891
279205565584
637578909825
674700855200
115785891031
100253892291
115911112627
939776647227
662007462354
434878017519
892873271150
814726449162
708491856158
908184708162
438555163301
144832148803
679537560189
757460397972
126258301188
571103905292
464869312287
144521452782
118760487217
249588084053
248853835094
134032385898
117853747135
696631632181
114135753476
138842252462
474505459612
744012537083
421728935093
658003991043
496682060042
159771829748
733015357220
111516601099
845584204075
131361012789
982341066224
994503484694
106851511472
132826149004
561484246191
101838077895
184433954032
175881673481
100438863098
124123298877
103195009773
640031029848
312200040170
113944106844
246730122805
735205587252
992732236936
151624365504
399631100297
785149405799
121653415338
141779100718
151666666024
105405458888
120721320793
159016859979
183081639463
107638829080
134855809094
883191889983
211212857911
155872511962
185502593825
450205942754
359738171017
864471298264
130398277067
193006502324
536840476510
511864461383
659431476517
708927326654
181076344573
618783588656
125690052405
797353327252
464421834415
527030059672
202128968862
988003793190
138304177306
140332636658
685415504307
214822361708
143042267796
167647965515
172392228212
155975011104
368760338000
126984700330
697640184054
169637472262
151948935139
100737063109
660334748157
158468937948
180739630592
531290767081
179887041026
604498580278
137900511466
174959432293
123119664105
333584870525
149075267041
926919189130
171212388440
277349939456
137376458023
179636216873
637017002632
163641149573
150404415393
168783152127
144384506982
630344929981
104255681230
118141121021
122195778032
643838619785
113619939501
124311852228
173323118081
168340756607
121749615679
720197004268
575197698456
360581132375
536029820373
129854631744
137421628187
173524167443
985059976981
869511728992
887801090546
388761518895
279306987521
167265821391
570296873564
969951383845
709550034668
169006804312
175938212284
471806911507
354701477460
373458913744
118854900557
998322112913
284207812414
978491129380
316399025513
619808540698
145422427027
151899160348
391984435692
138710758694
385878542887
736322312313
124470102294
884346558426
987942912458
144243389500
108202248279
175910835914
299784181268
642377391534
106644611393
830794647866
126378887161
527138531554
136077399434
536547375589
842546295772
935883186753
267131149891
121128223636
820999798005
756853506956
144058309100
269872316540
684313424976
102545203990
794501284062
828741174676
521341195564
100623628592
111924912980
908591643679
164595974447
129561273148
805809184956
146317805252
132335066667
106090697467
630753302708
177891077173
965813303510
313782457939
776292780657
445628806895
785374415438
871105638173
167105694946
469502291535
556708381404
145199771071
125278611839
673383924619
105370974151
378989285955
153103283209
161364948932
103797498495
143640577488
880884671037
589944564493
695471149868
937543541810
421785900864
141750667331
669230832653
682777757022
148757669767
115634937950
113691715575
115799703956
153847727279
882382155092
116021228435
101290155864
418376280643
479992285211
779341499643
720976727587
136451785714
157587243336
331006486850
225612256229
840626868617
167546058179
151641321981
133707784828
131304914194
178415916853
117506405316
172565294814
419769489190
159632311723
417864761629
710906991640
143562717394
698976833890
723027907128
858673041027
370331630259
151659764771
120068733991
981931772250
420196747979
432778148722
149672142692
512475122640
598997664294
604924221514
148401975756
134359406738
142712164093
138673684242
106830081881
146202197230
158596628402
211406934733
101310712688
140044177499
156737121909
157995261984
183433264882
176485313145
179402073727
662150286914
163405904294
122780626821
119159865518
441416957738
139536737492
108880880378
127877243983
163049975422
205966858950
101614175548
119007034250
831595615704
366378428984
130978109695
757534206176
115842806859
139521387983
166677154212
826991171436
685202541424
703877658783
129411470547
898049336338
885333326570
178941629300
135168301596
289114555365
132928052403
301115380947
605507965344
167712120985
945846825674
887482053619
117971827693
801554606245
656555300433
364095092912
765349391051
972529728139
104619710534
574670494322
173860943034
134804501657
129941110895
476582776294
649117594848
119513287418
654408971222
128144392955
185176305817
141617233326
146060558691
580973789928
125048006121
356545395225
117411642955
162769983914
162079557058
462495614980
143671628527
153042162678
783212984488
117857458060
975066608831
736444577610
562654571737
961696958232
928291713080
155608593512
825107931575
162984856619
791817076364
165096291254
589973099473
111463992924
570010141857
128601754518
174797187877
155493510173
135159364078
503000682109
140047784361
106244964833
727285700735
163650654845
165606510472
972225135806
608808081132
312070638598
118528095436
628569216969
236681728323
123240250077
114830826374
121126189873
131026943036
222196433822
554779868319
124378433463
994015425086
133411209992
923324129928
177304579561
164251113040
662112163995
597894147752
148890624204
111216956629
282079343830
621824952373
516009341641
135951468906
155458845107
131657064296
154471151649
777195170433
164121001682
824016461790
138192039589
256342692580
295729597437
303582966211
477125797427
489288215897
564726840862
147181446370
740836460154
776809414627
149133250304
874566048970
157935252875
377797870824
180259778483
118464083688
128601377494
219557644759
243608717997
877713590920
420718073436
602349853230
123399993017
404375150401
305773196242
102651260292
167830205481
321004391027
564950825067
253195150631
171749396160
136220735849
158208108842
407331934613
133590384261
875993037011
487131212333
118637150290
650128456505
141815791631
465584714566
110536192399
331433745638
109904422317
733777219913
422020559423
509347839155
335162041461
158311900847
124784323517
983256424002
632034093020
111477316586
718444642571
101416438414
100526248577
349030361215
767393712172
741222215959
183807299140
562648602933
550647956063
527827958446
985823212077
122882294374
410651952066
142641684820
963045638689
166445635198
800546142426
828396921853
873528128925
888685515506
105630982086
122675390357
104009869724
180402629574
180329204678
194127840111
441192829963
155649043342
149978702772
953723908671
169133082924
460956771511
807401578164
135879281338
179762558896
120890702308
165420888387
125747176551
