121619622130
992964680607
166265930269
143942776200
323270058517
100038517820
769733139910
546501599213
115737413950
934142598810
160383722090
138060568020
264447976720
412164360235
710911058113
487679517417
109855205771
875320517013
154501513910
132178359840
205625894923
182706876159
652088976316
428857435620
103972997591
816498435216
148619305730
126296151661
146803813126
176824667980
593266894520
370035353823
145148454849
122825300779
532732225143
167471608918
558558385704
335326845007
100502146709
781789926401
139266246669
116943092599
183912554808
161589400739
499736303907
276504763211
946199385301
722967844604
133384038489
111060884420
178030346629
155707192559
440914222110
217682681414
887377303504
664145762807
127501830310
105178676240
172148138449
149824984379
382092140314
158860599617
828555221707
605323681010
745619566929
522388026232
119208264832
968851107625
169736781151
147413627081
299156485535
759249448388
686797485132
463565944435
113326056652
910029025829
163854572971
141531418901
240334403738
171028630419
627975403335
404743862638
107443848472
851206944032
157972364791
135649210722
181512321941
180295518861
569153321538
345921780841
101561640293
792384862235
152090156612
129767002542
122690240144
174413310681
980907894116
757676353419
142737097551
120413943481
879817313296
170942459800
534444812723
311213272026
922085812319
698854271623
136854889371
114531735301
291596495327
165060251620
475622730926
252391190229
863263730522
640032189826
130972681191
108649527121
181501197510
159178043441
416800649129
193569108432
804441648726
581210108029
125090473011
102767318942
175618989330
153295835261
357978567332
134747026635
275042912554
518113718573
721505993947
498274453250
122679115713
100355961644
167325423853
145002269783
216220830757
183766369743
662683912150
439452371453
116796907534
944737534644
161443215673
139120061603
157398748960
177884161563
603861830353
380630289657
110914699354
885915452847
155561007493
133237853424
985766671634
172001953383
545039748556
321808207860
105032491174
827093371050
149678799314
127355645244
510331239741
287099699044
956794321135
733562780438
146207948432
123884794362
638681583480
168531102502
451509157944
228277617247
897972239338
674740698641
140325740252
118002586183
504607655121
162648894322
392687076147
169455535451
839150157541
615918616844
134443532073
112120378003
179089840212
156766686142
333864994350
110633453654
780328075744
557096535047
128561323893
106238169823
173207632032
150884477963
164914066554
142590912485
250929339572
276977988757
756214502762
532982962066
120267758415
979446043459
159031858375
136708704305
192107257775
181355012444
697392420966
474160880269
114385550235
920623961662
153149650195
130826496125
133285175978
175472804265
638570339169
415338798472
108503342056
861801879865
147267442015
124944287946
744630941818
169590596085
579748257372
356516716675
102621133876
802979798069
397545853665
166119745204
486217666760
262986126063
991502829950
768271289253
143796591134
121473437064
182560691094
160237537024
427395584963
204164044266
932680748153
709449207456
137914382954
115591228885
176678482914
154355328844
368573503166
145341962469
873858666356
650627125659
132032174775
109709020705
170796274734
148473120665
309751421369
865198806726
815036584559
591805043863
126149966595
103826812525
163901434791
570146553993
240803021940
101660963538
746088185131
152189479857
119255126652
123683472600
158019226612
511324472196
181980940143
957787553590
687266103334
146307271678
113372918472
648613908031
152137018432
452502390399
123158858346
898965471793
628444021537
140425063498
107490710293
603930900627
146254810252
393680308602
643367765500
840143389996
569621939740
134542855318
101608502113
179189163458
296282677346
805434881181
476091349128
125189796257
981376512318
175718312576
142783959371
358971799787
181548059330
746612799384
417269267331
119307588077
922554430521
169836104396
136901751191
300149717990
175665851151
687790717587
358447185534
113425379898
863732348724
163953896217
131019543011
241327636193
169783642971
628968635790
299625103737
107543171718
804910266927
158071688037
125137334832
182505554396
116843769354
995698996184
161490077493
546032981012
275511530756
105131814420
721974612149
149778122559
110961561174
407478178216
155607869313
487210899215
216689448959
992496062405
663152530352
143895914379
105079352994
182660014339
149725661134
428388817418
157867367162
933673980608
604330448555
138013706200
991971448152
176777806159
143843452954
369566735621
990452853653
874851898811
545508366758
132131498020
140372602073
334858226806
551469475313
781321308199
510799857943
128660647138
957262939337
173306955278
134490393893
276036145009
179136702032
722499226402
451977776146
122778438959
898440857540
167424747098
128608185713
217214063212
173254493853
663677144605
393155694349
116896230779
839618775743
161542538918
122725977533
158391981415
167372285673
604855062808
334333612552
111014022599
780796693946
155660330739
697861039167
147366765261
114432412056
754563266369
164960928375
580741489827
251397957774
102720457122
639038957371
141484557081
108550203876
166342448400
159078720195
521919408030
192575875977
968382489423
580216875574
135602348902
102667995696
180248657041
153196512015
463097326233
133753794180
909560407627
521394793777
129720140722
967857875170
174366448861
147314303836
404275244436
749317123838
850738325830
933149366355
170895597980
137961244774
310744653824
402232035684
816029817014
486686284961
126249289840
874327284558
165013389800
132079036595
251922572027
182607552914
757207735217
427864203165
120367081661
815505202761
159131181620
126196828415
193100490230
176725344734
698385653421
369042121368
114484873481
756683120964
153248973441
120314620235
134278408433
170843136554
639563571624
310220039571
108602665301
227284384792
100309099823
673747466186
144955407963
117903262937
110164835452
162549571077
556627916845
168462302996
944268916442
614925384389
139073199783
112021054757
513427536553
156667362897
497805835048
109640221199
885446834645
556103302592
133190991603
106138846578
183719507922
150785154717
438983753252
508181394022
826624752848
497281220795
127308783424
100256638398
177837299743
144902946537
380161671455
462572711980
123837932542
909035793373
168484240682
141432095656
345453162639
161096305869
791916244033
403750630183
117955724362
850213711577
162602032502
135549887476
286631080842
180196195616
733094162236
344928548386
112073516183
791391629780
156719824322
129667679297
227808999046
174313987436
674272080439
286106466589
106191308003
732569547983
150837616142
123785471117
168986917249
168431779256
615449998642
217158067161
147328427379
817023049469
440389607857
116890631174
109907667196
176877129405
139213785244
158335985364
885063455827
758200967673
381567526060
111008422994
104025459016
170994921225
133331577064
995139035672
296842637859
699378885876
322745444264
105126214815
981432508369
165112713046
127449368884
406918217703
181553658935
640556804079
263923362467
992440066354
922610426572
159230504866
121567160705
452446394348
382616754567
105231137665
675677935045
140419463893
133436499915
159385213870
162742617962
393624312551
323794672770
993489294860
616855853248
134537255713
127554291735
100563132073
156860409783
334802230754
264972590973
934667213063
558033771451
128655047533
121672083555
417410502766
150978201603
275980148957
206150509176
875845131266
499211689654
122772839354
115789875376
182759337585
145095993423
159125582015
152142618037
346446395094
181448736085
698329657369
628500017588
129819463967
921561198066
153243373836
146260409857
287624313297
175566527905
639507575573
569677935791
123937255788
862739116269
147361165656
140378201678
228802231501
169684319725
580685493776
510855853994
118055047608
803917034472
141478957476
134495993498
169980149704
163802111546
521863411979
452033772197
112172839428
745094952676
182654414734
175671450756
581734722282
205101280670
933617984557
863788344776
153348296686
115684952525
176772206554
169789242576
522912640485
146279198873
874795902760
804966262979
147466088506
109802744345
170889998375
163907034396
464090558688
874571170765
815973820963
746144181182
141583880327
103920536166
165007790195
158024826217
405268476891
286350352796
757151739166
687322099385
135701672147
980383279863
112067916578
105084952600
172054414809
134391070647
227753002994
157923363213
827617985303
450984543691
106185708398
992027444203
166172206629
128508862468
168930921197
991012814165
768795903506
392162461894
100303500218
933205362406
160289998449
122626654288
110108839401
402791996196
709973821709
333340380097
944212920391
874383280609
154407790270
116744446108
512867576041
182613152519
651151739913
274518298300
135596749296
128613785318
111158067907
157919903366
463041330182
393211690400
106290631249
686272870879
129714541117
122731577139
523359861104
152037695186
404219248385
334389608604
100408423069
627450789082
123832332937
116849368959
183818831168
146155487007
345397166588
275567526807
945262148897
568628707285
117950124757
110967160779
177936622988
140273278827
286575084791
216745445010
886440067100
509806625488
650102511406
580272871625
124996749371
873334052103
160185075599
153202111620
357041330928
182508229668
591280429609
521450789828
119114541191
814511970306
154302867419
147319903441
298219249131
176626021489
532458347813
462628708031
113232333012
755689888509
148420659239
141437695261
239397167334
170743813309
473636266016
403806626234
107350124832
696867806712
142538451060
135555487081
180575085538
164861605129
885390838594
815561198812
148525582090
110862237929
183713908317
176730944339
592329658116
215696216504
826568756797
756739117016
142643373910
104980029749
177831700138
170848736159
533507576319
156874134707
767746675000
697917035219
136761165730
990978215697
171949491958
164966527980
474685494522
980520529102
708924593203
639094953422
130878957551
932156133900
166067283778
159084319800
415863412725
392299711134
639976193774
156918470813
123984117608
175714812439
159172443835
676258545349
346915013296
969319725827
581154111978
151036262633
118101909428
180342380681
153290235656
617436463552
288092931499
910497644030
522332030181
145154054454
112219701249
174460172502
147408027476
558614381755
229270849703
851675562234
463509948384
139271846274
106337493069
168577964322
141525819296
499792299959
170448767906
792853480437
875264520962
180447303532
147512950327
252859808431
182701276554
911546872537
582203340484
120460805301
816442439165
174565095352
141630742147
194037726634
176819068374
852724790740
523381258687
114578597121
757620357368
168682887173
135748533967
135215644837
170936860195
793902708943
464559176890
108696388942
698798275571
162800678993
129866325788
763935630407
165054652015
735080627146
405737095093
102814180762
169399539399
109860805376
769264521708
139166923423
112114778398
205681890974
172101276629
498743071452
110577457602
103978597196
710442439911
133284715244
106232570218
146859809177
166219068449
439920989655
517553758061
980963890167
651620358115
127402507064
100350362039
880377273808
160336860269
381098907858
183760770138
922141808371
592798276318
121520298884
944681538593
292156455839
154454652090
322276826062
404687866587
133389638094
100455284889
162695756142
135643611117
440970218162
111626686109
734031398640
345865784790
127507429915
945730767099
156813547963
129761402937
382148136365
528046043123
675209316843
287043702993
121625221735
886908685302
150931339783
123879194757
323326054568
183865692988
616387235046
228221621196
115743013555
828086603505
145049131603
117996986578
264503972771
177983484808
557565153249
154349729239
628031399386
298687867333
921092579864
650571129608
157977964397
125043611191
281664170776
148467521059
569209317589
239865785536
862270498067
591749047811
152095756217
119161403012
181401874265
142585312880
510387235792
181043703739
803448416270
532926966014
146213548037
113279194832
175519666085
136703104700
451565153995
122221621943
744626334474
474104884218
140331339857
107396986652
169637457905
177878561958
863319726574
533976194521
115638090705
885859456796
181506797115
148572443910
263454744265
171996353778
804497644777
475154112724
109755882525
827037374999
175624588936
142690235730
204632662468
166114145598
745675562980
416332030927
103873674345
768215293202
169742380756
136808027551
145810580671
160231937419
686853481183
357509949130
979914661661
709393211405
163860172576
130925819371
869884988745
107292063802
157454745011
167278562032
450515925489
179994475233
110920298959
779859457542
140226417007
101409855622
986326632146
161396353853
391693843692
121172393436
105038090779
721037375745
134344208827
955276474426
398105814177
155514145673
332871761895
623503116398
991558826001
662215293948
128462000647
896454392630
182566290699
149631937493
274049680099
352822984300
932736744204
603393212151
122579792468
130820896520
392743072199
633995401461
685804252677
415282802421
134449131678
101514778473
163755249726
