827093371050
119770294196
102244740954
445877555839
126793135403
982989411758
762944825733
920621707394
648613908031
144726330952
905445571205
182508229668
108944130231
455009220139
165318866900
156314048388
120367081661
174430534439
148042004625
114531735301
276036145009
985324542923
101194184889
162816176161
169143331599
131775976444
146213548037
183647080570
177573058390
174112457597
802979798069
110164835452
393637329028
967100222520
132188202778
523450817467
170895597980
932030579068
738483967984
800874828271
766634937658
791191970512
142010527607
179463971442
792037290328
157102070990
162602032502
595010019008
120367081661
146744467799
107702988488
436252939307
120341966982
136069176360
145323343844
207659301692
109709020705
117955724362
994258255971
953711685859
392743072199
666358466191
253744971687
134391070647
734031398640
129692534987
139166923423
838818104137
119866764853
885121284933
278472237871
130324468863
746796940148
132552232082
865719538205
452359321909
146155487007
135790761074
140436428662
124944287946
705563836096
278094758581
986546890871
166983699935
791916244033
565083274400
271360963863
631127011757
571837233005
596919426365
292156455839
138812180631
485202699248
510612101863
745883505190
992671436116
709133346044
216480696118
121560822544
136327529011
165968048719
173609756441
157331144062
143708555285
697387576816
410378054625
251820228843
147328427379
449495231963
117358545517
914642484908
155276135992
125189796257
144309810599
179229687117
924047704534
121048341634
143612731969
450956008711
805376929355
179189163458
133565040218
744058692172
647599891709
672592709888
990978215697
122579792468
110047406710
171981650701
154592942297
131460894279
101604998246
791916244033
152312709394
251731085096
134747026635
184012758697
183678015433
151035043601
111750401919
485987218244
161403172491
139738762164
710622618391
560853365850
106714703224
717518675247
138023930776
349113818338
107953583275
108022026462
152098183863
149332048392
261372203511
154223931104
177957498272
153170525479
487210899215
499211689654
104821710204
113120802606
969673849900
181432421684
108649527121
116754764675
667968824214
100059861309
159907326097
577769178019
168637748004
132593890526
124142466776
168970500843
862559484042
113818258022
152309737859
102290326348
436213834162
145044995662
720533901822
116704661914
217214063212
151564998471
856352893459
458307859336
162239207873
768271289253
509877401747
179628248185
151178027994
978682808363
176385568895
201066915922
183766369743
572194453830
120413943481
148738022301
105178676240
463259875511
194037726634
130242626585
152167386636
969614486291
910996169615
885915452847
168925136248
134716975683
172005198262
179812513998
769905519992
733480839288
197287572386
443647556496
113306012958
164861605129
332871761895
354477727460
115361989858
104167238734
133237853424
844278438385
158926391637
275567526807
181401874265
159178043441
248480126045
171399884774
165949698054
108649527121
174787334521
100416136707
181310279014
127559544165
131610015470
178185602515
305509185646
103389538636
105084952600
179137925912
143162521860
104658877921
134417859150
826825629594
175481678372
303767354733
121877113323
712221524384
962330275791
124608995223
150931339783
443892012175
130232735225
206508468298
193569108432
151810717852
461825590114
353135215082
123735803717
688903778858
183719507922
198614736706
255997518511
148071495028
144364327494
898183984743
353672989382
140006115498
903140403004
260007789745
852938943076
162061206392
176626021489
669593906729
732788093312
331050387671
134391070647
631525735566
108262253450
117257366968
362375918301
438983753252
182508229668
576745452547
174475056799
948119036237
140459658672
531493055611
405400347009
439920989655
792384862235
906467931390
116943092599
603930900627
170202321563
124402796200
541805421308
380630289657
663677144605
129725348037
140900931263
130879364198
120847898661
836894282540
280794822658
150726701396
734031398640
102185700675
114637623044
146260409857
669206797238
179189163458
113683130079
138450603065
184250128428
155707192559
170117492179
911546872537
152210913386
106411388023
169111800993
175234553891
751562234770
491102339042
700821889852
147155954668
121520298884
404743862638
112628663499
123133128945
519372100742
163809248644
333899111776
799253305357
198784952253
166463250337
786559912511
796462102368
486743162878
157730522364
118829761815
573377696634
697399662953
149587630558
181576223310
135555487081
134344208827
132560200770
176008543899
136514296299
150884477963
730282145437
787555408327
133389638094
451362904847
157923363213
104684282120
323794672770
140113240569
136448692432
449367672883
158024826217
993843965186
560053279878
115213446128
535018958716
856067147807
447426191796
162576780583
880412139024
898705930171
981150572339
585552057673
114232404444
826624752848
510561655187
165879606223
910029025829
840143389996
168733479196
141306629430
561235497247
174366448861
126297356336
419957687334
180655334457
415028959306
153885084655
369566735621
107139809073
474160880269
165604760171
102139596615
112528689884
734031398640
408644990765
773526238219
913800895952
488626402739
171965325881
453109137846
754275227469
150871478333
687322099385
175357274010
695910455414
696867806712
169742380756
116309810935
844145201764
575948886795
532218988674
864491517347
660185944560
108696388942
113906358915
382616754567
910497644030
952512098401
945737127221
128420102420
161870528589
858990601363
264810962942
175714812439
173751067009
286631080842
885384478471
130826496125
153248973441
433351121195
155244439466
170115195981
143246906183
402380839684
979425824376
149448096623
696867806712
753835921924
153858947513
979107875321
102648269553
115425317676
165209985669
113843020678
150161260289
167753642188
110291681631
327128015026
683889485272
230254884396
178955774133
709449207456
183719507922
152037695186
451565153995
215148506492
785235260759
176351879140
438983753252
408949687286
145002269783
132131498020
130832590564
234934065108
168079835377
175501325838
156169884321
121466296028
128607690879
944587215073
664302852242
922610426572
601391620066
117846743338
141437695261
151741295595
251922572027
685772725133
233485432311
150639995198
193569108432
167971745415
793575356119
810671825950
145422427027
277311755558
791916244033
509806625488
615346917162
837668087800
140903932420
119307588077
847104344433
137807918672
310744653824
594934764566
123805451401
632790958901
156742237100
173026704133
123128601623
390066402720
805793617979
167424747098
165903889312
138700609985
118307373151
545786236316
599411955079
116076561383
250821453324
100226843891
161210560966
803917034472
970298434112
300149717990
174772665004
182706876159
119169278666
170674792852
572396742360
183716355168
148482991634
803917034472
167188670230
140425063498
102721122757
639174980450
145765448024
145048465968
404925010838
597358731910
797955816182
144965490684
547573301072
162508097792
140226417007
565380481694
607184160380
312132753852
142398614574
176566843969
145172394701
161918746682
428388817418
489490504427
849395957021
684965589216
170055778678
837525267069
639094953422
685804252677
402582206968
131817874671
180804025846
602075168280
132892330320
113785865067
569046534106
114682374769
160592251786
161118789342
758238998909
176706974864
326993406002
112587142296
266694202803
200555504925
350600732228
117056287333
105038090779
557096535047
754563266369
146618858761
181368262277
196357770013
135523190353
170484207174
783995723409
746612799384
120630024799
167148797849
129720140722
169789242576
139888270786
409402351011
953468854974
166119745204
153248973441
401831018628
158926528877
159743484548
227636944419
407478178216
923360633434
114362745168
992238436839
171429526775
114466445048
327462618930
673822308917
264972590973
124660408874
770155267410
796268025546
545757701336
260571029961
445583533671
132131498020
174646611820
903690779405
383838037700
146828242252
122307915749
980520529102
140226417007
114121083960
417781996475
132632705890
382616754567
513586850889
650627125659
639563571624
122626654288
851718437620
101736547583
118511097105
336395410732
179050540433
639114577779
167966630225
337353643896
345453162639
148736965284
392742333903
710038614816
428857435620
160540352544
120291723043
471970055511
100548509758
170942459800
141914468445
359482372129
603930900627
245320537339
183920264508
163933479136
135215644837
664145762807
115591228885
152656155963
155061263287
115876595220
848997233212
170942459800
176043301089
474660431289
674740698641
795888148418
134547730725
146427681277
736293777333
104103079326
133331577064
980520529102
264373133988
944268916442
163321519972
170163276834
295409639263
295853636296
137997539458
637527718543
874851898811
168320052125
126296151661
169016309585
755689888509
135455531762
127260639160
142198615748
106248086590
419361116463
909133253027
351950116397
494339256172
686272870879
470296459449
179189163458
947213431566
904958400578
717875935454
131260085106
775097595285
969277484549
145637225271
154133906909
101181101010
607746067574
980520529102
345272804229
114484873481
239249437645
581650047681
391669710798
126241021896
730569328300
116575138423
162954397385
348286463337
112996515131
465996607514
121038576464
111640290048
140226417007
368336398296
478443649254
380613206707
380161671455
459952920418
651986480470
374363597168
204632662468
281145875404
158024826217
178387243682
564248430172
180342380681
728322699534
131903703453
181103047027
173306955278
150978201603
164685008748
308474142185
134391070647
164038502028
169404156767
381303554845
105195881703
153202111620
451565153995
170942459800
566019677931
152112736253
899121959442
522167520201
650776850504
332340826901
293148920112
108622964046
958469289879
175472804265
178963982605
145800934261
166882761428
118586455723
370056494153
205101280670
356089601456
158319281667
976124787341
103826812525
111016136632
765418507767
134992151170
146859809177
577034477903
173950922114
852053041524
123411192228
866131926323
580567775658
593149176402
122145671333
155396574305
455538717923
157072340803
155707192559
140420022137
130417954879
135542188195
165625541130
474160880269
180363570488
820909501577
457908293388
810670904704
865327188244
113144145566
901450318718
125474168986
101324765396
442812098609
105907160701
446490614934
979812501428
424692091799
610929194447
105623105523
144704661578
153900450496
252961968664
131994171795
116777583874
721726793544
145810580671
707360725883
151361232852
159178043441
908277363046
855707529143
149345132270
125792741571
832831382812
264972590973
296115353243
146806997734
181556231855
332005301750
116734299976
125508926177
701442200028
324286542001
382676078795
139856606877
873723126993
132131498020
499211689654
156874134707
124167810819
170895597980
182330136062
168553589109
152446246851
128986688730
688840684389
117897589502
177919735986
440970218162
134003071868
616855853248
159084319800
179224963308
669678206336
121683208936
391601475947
855016299139
964945063309
145651126382
587481934003
127685822777
703409040581
124550671041
127280124610
100702394104
431291130644
161559984165
495637627212
162539987127
128660647138
499211689654
156426200461
184446058661
150743833029
149371832586
389411245916
948883153198
836169087773
172441869701
521717158881
843281139457
181907380092
173232727506
332614447034
826624752848
685999211364
146025297881
191080981803
108865841594
126249289840
862672179182
494679394048
164022339225
109440311097
165700885391
810713923659
575313604369
345614830052
159569061672
125453478861
115708182535
142149654251
679048866473
113315102073
175487258773
153295835261
393903698081
168682887173
799493000109
127018164658
450188121509
221149116721
169928091028
169590596085
124717398798
159693872676
155245034192
949242033566
112156114443
136950957318
296015264327
590249117444
557565153249
174776874775
173576810088
851206944032
358971799787
171613475036
159884946713
119577815974
117893228134
125917463485
580272871625
100402897293
156159653674
150931339783
136436587803
272889197786
391693843692
557096535047
663677144605
286968082585
101092742763
703143553393
511394366589
687361799256
740460496836
174031244325
146092071002
253990096222
611133063757
396840674985
682095724780
830905123996
464362510187
141409423890
319715668906
140553441785
344544604785
489653792001
787587857118
165211204701
745094952676
808777134059
669005862394
845360115682
387008235951
915245751515
340298936696
113748405975
932156133900
905812036290
901067675481
608058857257
175214089192
549296405308
132926026556
962619588173
683909704355
920184760306
960731330418
873475461051
156123942277
124010681854
158946676024
274049680099
356516716675
698385653421
664461663601
136711645990
164823934968
156886880734
816406518628
147393236212
226862995589
318221320984
177400820813
290512094074
465991610702
547458911131
596317858681
453522202060
746296898590
196687377106
856880979459
127876186966
885915452847
183069383237
