168484240682
128508862468
194037726634
391693843692
498274453250
169836104396
497805835048
109802744345
910497644030
745675562980
698854271623
511324472196
165013389800
175566527905
104980029749
152095756217
759249448388
802979798069
158391981415
296842637859
152037695186
205681890974
932736744204
139120061603
175718312576
108602665301
803917034472
697917035219
569209317589
111060884420
136708704305
781321308199
106191308003
122626654288
194037726634
979914661661
165060251620
865198806726
180248657041
127554291735
182508229668
292156455839
412164360235
168531102502
182505554396
826624752848
163907034396
180342380681
744626334474
463565944435
166119745204
604855062808
381567526060
393211690400
763935630407
332871761895
100355961644
140425063498
120367081661
115789875376
170743813309
675209316843
122825300779
110633453654
428388817418
162602032502
980383279863
145154054454
115638090705
141531418901
175472804265
128660647138
733094162236
103920536166
159084319800
181401874265
722967844604
142590912485
428388817418
826624752848
205101280670
990978215697
115743013555
335326845007
118002586183
546032981012
177837299743
863788344776
170848736159
150931339783
176824667980
162648894322
628968635790
100309099823
140378201678
696867806712
156813547963
412164360235
380630289657
175718312576
757207735217
150978201603
182508229668
980963890167
392743072199
439452371453
452502390399
174366448861
127554291735
568628707285
498743071452
134344208827
252391190229
148473120665
111014022599
139213785244
333340380097
252859808431
103873674345
135649210722
768271289253
167424747098
615449998642
450984543691
851675562234
863319726574
522388026232
136708704305
182660014339
826624752848
175671450756
104980029749
121625221735
132178359840
123884794362
169836104396
698385653421
146260409857
176626021489
162695756142
138060568020
380630289657
840143389996
120367081661
558033771451
509806625488
439920989655
685804252677
134747026635
898965471793
129720140722
675677935045
275567526807
102814180762
140226417007
640032189826
957787553590
463097326233
181553658935
152037695186
135215644837
140226417007
120413943481
109709020705
102720457122
181553658935
128613785318
194037726634
745675562980
851206944032
169590596085
781321308199
162602032502
103920536166
159084319800
281664170776
722967844604
110633453654
995698996184
139073199783
169684319725
696867806712
162695756142
143942776200
380630289657
134542855318
816029817014
150978201603
509806625488
103978597196
398105814177
252391190229
109709020705
147366765261
381567526060
122626654288
139271846274
175624588936
135649210722
166119745204
173306955278
733094162236
103920536166
156918470813
146213548037
522388026232
136708704305
428388817418
127308783424
205101280670
104980029749
323326054568
182706876159
321808207860
300149717990
698385653421
115789875376
521450789828
439920989655
182566290699
193569108432
570146553993
180248657041
263923362467
157919903366
852724790740
169742380756
180295518861
802979798069
276036145009
733094162236
158024826217
392299711134
281664170776
781789926401
615918616844
105131814420
139073199783
510855853994
135555487081
440970218162
546501599213
139120061603
140425063498
850738325830
323794672770
116849368959
763935630407
450515925489
757676353419
160237537024
604855062808
440389607857
128508862468
174460172502
169637457905
605323681010
920623961662
138013706200
123837932542
169789242576
697917035219
115743013555
816498435216
127355645244
746612799384
159131181620
499211689654
153202111620
146859809177
991558826001
108649527121
125189796257
757207735217
558033771451
216745445010
205681890974
134344208827
165060251620
109709020705
155660330739
885063455827
991012814165
851675562234
169637457905
522388026232
136708704305
428388817418
826624752848
205101280670
756739117016
150931339783
132178359840
172001953383
805434881181
757207735217
558033771451
216745445010
139166923423
105038090779
114531735301
650627125659
155660330739
885063455827
392162461894
851675562234
169637457905
522388026232
136708704305
428388817418
438983753252
146279198873
697917035219
145049131603
126296151661
168531102502
169836104396
114484873481
145095993423
182508229668
146859809177
128462000647
193569108432
570146553993
102720457122
133331577064
333340380097
180447303532
804497644777
910029025829
920623961662
176777806159
117955724362
874571170765
932156133900
921092579864
167471608918
118002586183
113425379898
556627916845
569677935791
141437695261
322276826062
134449131678
100355961644
452502390399
463097326233
922610426572
686272870879
114578597121
169742380756
180295518861
802979798069
276036145009
733094162236
103920536166
392299711134
569209317589
116943092599
615918616844
241327636193
144955407963
146260409857
755689888509
922141808371
685804252677
498274453250
957787553590
135602348902
922610426572
128613785318
174565095352
745675562980
851206944032
356516716675
781321308199
162602032502
874571170765
932156133900
921092579864
167471608918
118002586183
163953896217
108602665301
921561198066
170743813309
292156455839
163755249726
145002269783
648613908031
909560407627
382616754567
122731577139
168682887173
145810580671
345921780841
160237537024
663677144605
109907667196
128508862468
558614381755
140331339857
158860599617
532982962066
992496062405
177837299743
863788344776
170848736159
150931339783
182706876159
127355645244
175718312576
757207735217
121672083555
509806625488
205681890974
105038090779
252391190229
109709020705
147366765261
885063455827
392162461894
851675562234
863319726574
605323681010
136708704305
992496062405
438983753252
745094952676
156874134707
115743013555
126296151661
127355645244
746612799384
159131181620
499211689654
509806625488
103978597196
398105814177
640032189826
148473120665
147366765261
381567526060
933205362406
168577964322
863319726574
522388026232
136708704305
428388817418
826624752848
205101280670
756739117016
121625221735
875320517013
133237853424
125189796257
126249289840
264972590973
140273278827
139166923423
391693843692
698854271623
154355328844
111014022599
440389607857
128508862468
145154054454
744626334474
105178676240
276977988757
487210899215
127308783424
205101280670
170848736159
150931339783
132178359840
127355645244
125189796257
757207735217
121672083555
216745445010
139166923423
105038090779
165060251620
650627125659
111014022599
440389607857
128508862468
558614381755
744626334474
149824984379
276977988757
992496062405
885446834645
163802111546
815561198812
115743013555
126296151661
287099699044
119307588077
120367081661
499211689654
509806625488
103978597196
398105814177
640032189826
148473120665
155660330739
139213785244
933205362406
851675562234
863319726574
522388026232
979446043459
143895914379
438983753252
745094952676
215696216504
675209316843
487679517417
885915452847
805434881181
126249289840
156860409783
110967160779
102814180762
140226417007
170942459800
204164044266
161542538918
150837616142
157923363213
617436463552
803448416270
217682681414
557096535047
995698996184
139073199783
140378201678
696867806712
133389638094
992964680607
183766369743
452502390399
129720140722
675677935045
152037695186
135215644837
979914661661
792384862235
166119745204
722499226402
112073516183
450984543691
910497644030
451565153995
664145762807
150884477963
149778122559
497805835048
134495993498
135555487081
734031398640
100038517820
139120061603
140425063498
850738325830
162742617962
334389608604
793902708943
869884988745
174413310681
121473437064
167424747098
106191308003
687322099385
969319725827
510387235792
722967844604
156766686142
995698996184
556627916845
140378201678
170743813309
322276826062
163755249726
183766369743
146307271678
909560407627
121567160705
122731577139
114578597121
686853481183
135649210722
802979798069
173306955278
733094162236
103920536166
392299711134
157977964397
781789926401
118002586183
241327636193
108602665301
146260409857
176626021489
381098907858
392743072199
134747026635
123683472600
968382489423
162742617962
627450789082
162800678993
163860172576
174413310681
160237537024
217214063212
674272080439
980383279863
969319725827
181401874265
722967844604
110633453654
995698996184
139073199783
862739116269
696867806712
322276826062
992964680607
183766369743
452502390399
174366448861
675677935045
122731577139
793902708943
686853481183
345921780841
166119745204
722499226402
112073516183
286350352796
175714812439
569209317589
161589400739
112120378003
107543171718
144955407963
175566527905
141437695261
922141808371
685804252677
498274453250
146307271678
180248657041
922610426572
393211690400
852724790740
169742380756
135649210722
356516716675
128660647138
162602032502
746144181182
392299711134
157977964397
335326845007
162648894322
241327636193
639563571624
628500017588
176626021489
381098907858
122579792468
153295835261
511324472196
968382489423
181553658935
274518298300
108696388942
869884988745
174413310681
160237537024
217214063212
106191308003
105084952600
151036262633
510387235792
155707192559
110633453654
546032981012
139073199783
169684319725
696867806712
162695756142
143942776200
944737534644
140425063498
850738325830
675677935045
627450789082
793902708943
163860172576
129767002542
121473437064
167424747098
674272080439
980383279863
969319725827
181401874265
276504763211
112120378003
182505554396
944268916442
140378201678
403806626234
322276826062
163755249726
162648894322
241327636193
108602665301
921561198066
462628708031
381098907858
392743072199
134747026635
511324472196
135602348902
127449368884
274518298300
194037726634
745675562980
404743862638
124944287946
781321308199
791916244033
163907034396
639094953422
921092579864
167471608918
228277617247
687790717587
134278408433
181448736085
814511970306
127402507064
274049680099
102767318942
152189479857
968382489423
127449368884
182613152519
120460805301
204632662468
171028630419
861801879865
334858226806
791916244033
163907034396
932156133900
921092579864
122825300779
228277617247
113425379898
639563571624
181448736085
147319903441
381098907858
122579792468
153295835261
123683472600
968382489423
181553658935
274518298300
120460805301
204632662468
404743862638
124944287946
781321308199
791916244033
163907034396
639094953422
921092579864
122825300779
674740698641
687790717587
639563571624
181448736085
176626021489
880377273808
122579792468
134747026635
123683472600
521919408030
127449368884
274518298300
174565095352
204632662468
171028630419
861801879865
334858226806
117955724362
874571170765
980520529102
921092579864
167471608918
118002586183
113425379898
134278408433
181448736085
147319903441
880377273808
122579792468
153295835261
123683472600
968382489423
181553658935
274518298300
194037726634
103873674345
851206944032
169590596085
781321308199
162602032502
103920536166
159084319800
281664170776
335326845007
162648894322
163953896217
100309099823
146260409857
462628708031
922141808371
392743072199
498274453250
957787553590
135602348902
263923362467
393211690400
114578597121
169742380756
135649210722
356516716675
276036145009
112073516183
158024826217
392299711134
569209317589
116943092599
615918616844
107543171718
100309099823
175566527905
141437695261
292156455839
163755249726
145002269783
648613908031
909560407627
382616754567
686272870879
114578597121
145810580671
345921780841
262986126063
722499226402
112073516183
286350352796
676258545349
181401874265
276504763211
112120378003
158071688037
556627916845
862739116269
403806626234
133389638094
143942776200
183766369743
898965471793
129720140722
675677935045
152037695186
135215644837
686853481183
129767002542
262986126063
122778438959
156719824322
687322099385
175714812439
152095756217
276504763211
112120378003
182505554396
944268916442
862739116269
403806626234
133389638094
143942776200
439452371453
898965471793
174366448861
133436499915
152037695186
135215644837
979914661661
129767002542
768271289253
167424747098
674272080439
687322099385
676258545349
181401874265
111060884420
110633453654
995698996184
944268916442
140378201678
403806626234
133389638094
992964680607
183766369743
898965471793
404275244436
133436499915
334389608604
108696388942
163860172576
129767002542
768271289253
167424747098
674272080439
980383279863
676258545349
510387235792
722967844604
110633453654
995698996184
139073199783
169684319725
696867806712
162695756142
143942776200
439452371453
140425063498
129720140722
675677935045
334389608604
793902708943
163860172576
792384862235
262986126063
167424747098
227808999046
980383279863
969319725827
181401874265
276504763211
156766686142
182505554396
556627916845
862739116269
170743813309
322276826062
992964680607
183766369743
898965471793
174366448861
382616754567
122731577139
135215644837
686853481183
345921780841
123683472600
180248657041
181553658935
128613785318
174565095352
103873674345
171028630419
124944287946
334858226806
162602032502
163907034396
639094953422
628031399386
167471608918
674740698641
113425379898
134278408433
181448736085
814511970306
880377273808
122579792468
153295835261
152189479857
968382489423
981432508369
