754563266369
768536142334
370035353823
150884477963
487210899215
162602032502
171233004736
154182036815
182505554396
524232938625
544768678923
736405730054
128508862468
959681958342
202392940077
804966262979
100347915188
152189479857
652727980510
793902708943
121301050454
516691517453
459654246143
163907925459
156918470813
131649687413
180248657041
159844105503
132178359840
267857677680
263923362467
136918310223
126793149760
176280808060
627450789082
103978597196
274049680099
154658658402
310744653824
206150509176
111734552729
105178676240
130826496125
173306955278
556567814940
580158481684
635725681536
913817423557
792853480437
923442356703
968382489423
458745584101
905141907235
144878101266
204632662468
170942459800
173132532403
126063667755
570372936036
150837616142
337240769928
366192668059
350468377472
747175444873
663677144605
296842637859
333340380097
851213600386
166119745204
116896230779
644973596455
932736744204
852274137353
276486798396
134344208827
498274453250
134542855318
561398784821
616387235046
130932084611
109907667196
229452544155
934477522119
519838915832
632851759721
310744653824
832173670464
140358418750
130421865394
351423435122
245889799801
135555487081
115743013555
138060568020
172899833715
255966625074
893710418639
289738184625
281664170776
105178676240
132866394471
413645761003
343260678339
636120491534
580810645924
850738325830
264972590973
140273278827
127402507064
572326464325
311276470684
114241190365
174912090905
960038584441
439452371453
805434881181
166497763806
123829886086
175506670393
100628151976
335326845007
184238337412
746144181182
707186868144
809268512752
167919113188
116337779111
412375645045
381098907858
487679517417
287099699044
107543171718
777874208128
363358302143
588965190999
278852219188
652142574530
162742617962
116849368959
169679126768
865198806726
174366448861
922610426572
161304825425
156045338780
102813123745
932736744204
324152606811
382616754567
568628707285
630293778079
121473437064
147366765261
322745444264
505964821590
157651017386
181448736085
298103190556
557096535047
274976346337
120460805301
864785643704
149096559391
451565153995
434329078329
133331577064
112171209810
150034981678
698385653421
569677935791
377187248948
267243102612
106029303371
164193277437
197817030789
143232705815
875320517013
127355645244
710499951935
176136996016
238699577208
945021868512
404743862638
461863813393
122626654288
984325767403
274977124014
120408750523
491217343754
108497590853
901348896781
734478138216
133830748669
101660963538
553305001185
734031398640
126296151661
287099699044
173097035747
148439674631
287099699044
135698260405
123489492530
546032981012
165525796880
129713816918
145657967451
102456612502
356516716675
604855062808
140447388089
429575286408
235856771161
177556005938
151880809682
274518298300
914540037535
374280776762
274518298300
286714681535
295260939854
175298469576
147992638376
274518298300
156206286396
648613908031
757207735217
628500017588
138608415510
810377071798
873618385971
370035353823
714430628383
164746540085
640032189826
148473120665
582555612971
440970218162
141501854669
183892408570
129181488117
891754252439
129444779340
781432700580
565916452881
392743072199
659762310180
162560138213
158860599617
107544454161
182613152519
142192443541
171001803274
263956549553
885915452847
102770637650
178142151528
376210129722
980383279863
644423775399
687189006334
142131960158
909644008319
181553658935
116240976546
112120378003
933673980608
162602032502
654322234396
345921780841
156176648333
425220581442
228277617247
651489815563
299488691083
145341962469
968382489423
264552726834
128108666934
139073199783
181678048941
181718351112
703487107301
147413627081
457432527949
443197750226
143282480606
135709459615
143942776200
127355645244
642305876980
676258545349
175519666085
532720611012
115481856479
181763578466
183766369743
182384149338
360266891124
134449131678
878133455058
177490138236
252859808431
132584635456
428388817418
380161671455
605118635580
142478852536
996082664675
117113213579
228277617247
267843233085
403806626234
734031398640
425076529307
174366448861
720955242552
934142598810
240663425197
106789244609
242532574672
310744653824
264972590973
341359577852
136708704305
782410236576
194037726634
869884988745
117743039520
123342749220
107272651272
183001630866
475820031736
555945106927
101166818937
767173306684
119423558541
328674396714
307111267154
169470338083
853346760458
218466279163
173306955278
379958684010
567782609793
671626916906
617436463552
158167511353
135602348902
383574844161
175519666085
161589400739
979446043459
726898984302
241929243258
491944781092
481293294606
109755882525
129767002542
142007057301
603358356430
367958037140
160876159305
176530198172
131897139865
735080627146
991558826001
693882814041
499211689654
341297751597
706157224614
181448736085
755689888509
141860631543
165461896009
175714812439
975573450312
102361860559
205681890974
180843266795
513427536553
964215769921
155707192559
130826496125
409654375830
815876321929
136708704305
175714162278
162800678993
169742380756
129767002542
676584976927
558940669763
114423807355
147187301025
162695756142
412164360235
287099699044
661499144281
540121326727
175472804265
266054124700
120570994939
149124087359
627450789082
120413943481
942419595068
435014596731
108649527121
101660963538
463097326233
120701243538
247357232904
372836101542
783799498770
110328313071
252859808431
876909331505
693017830487
128509845655
287099699044
169741411926
910497644030
175624588936
128226751430
115665784627
217682681414
136708704305
214513999135
558614381755
125653315670
968382489423
922610426572
102051389964
463472694824
345409405388
138060568020
745694449041
147728523591
817234794875
486404684544
264503972771
583953151681
791916244033
175671450756
147809838271
164990815006
968382489423
127449368884
125312741803
991558826001
159178043441
106814007265
445036110453
436191217241
161968148387
533320702104
113117449188
172053190929
128957349924
855390305869
944737534644
142086385906
334906242573
421307594363
177005233138
181553658935
164751895059
699258769920
928418149777
132429771860
882708586669
124944287946
406383389748
553838477587
138595623723
173306955278
227808999046
108843606973
169742380756
345921780841
262986126063
177967640466
104980029749
173695345439
122478494739
791916244033
114331214561
875320517013
362635832136
411600957919
792853480437
604508268578
164944872962
117765060917
675209316843
444578944282
120367081661
156172973665
158860599617
281260161156
994584687548
896256353523
249659455038
345453162639
173457982189
745675562980
110136680795
163912301184
184453210117
387217879750
839555202091
922037250299
737738199522
204632662468
112096672363
573019554562
102193901223
166342448400
162742617962
176411060104
127355645244
943577790627
182508229668
162145498590
105131814420
826624752848
205101280670
156874134707
152095756217
637858448017
139213785244
165319044461
140638565573
205101280670
142019612785
270932189102
136761273121
158281681397
380161671455
109802744345
153964662634
148473120665
600486832453
920950393240
130826496125
160972961870
194037726634
126698608886
639563571624
171251193385
197887663478
821256969296
124976804782
979914661661
114531735301
160102986530
854119788041
169742380756
180295518861
112099370784
796683198197
120460805301
432748731877
107543171718
820452231217
511586128912
559897386955
940907816883
135050221038
509928553648
668344049235
326525526095
105038090779
159795295604
147215974196
205681890974
177280144875
333300536657
246972993071
151269563772
447478859670
118143005689
382148136365
134449131678
126495763043
169851287951
462628708031
922141808371
383198880844
105427312530
178299868621
110471899689
387852039794
866161937894
863319726574
513686756854
117938504543
499792299959
103873674345
345921780841
167150834114
162742617962
116849368959
162800678993
172740383325
275444964539
910497644030
108725111166
560466688798
669811482338
979446043459
116104703400
919971980373
152189479857
204917774013
734031398640
166572882640
595596577725
734031398640
100304224417
112073516183
134391070647
156918470813
964726629401
451675773695
980520529102
146213548037
147413627081
625364429264
392162461894
180342380681
307382776588
968382489423
121567160705
730212989340
581210108029
662138340518
333340380097
970877272407
591805043863
127740731053
646184163483
119307588077
621103632035
181401874265
862502164061
227808999046
131630050366
252391190229
519218479870
182613152519
115889830695
162525620806
108602665301
510855853994
811966139610
980381763890
106309632284
110682939647
988320392898
580741489827
133331577064
120469816649
169742380756
102854929848
390483091343
558614381755
914428966679
241327636193
381405858648
793902708943
430457961774
992496062405
110904146575
155543004002
555772280133
306085321867
156766686142
513322840293
617436463552
617465632640
163183410985
440970218162
926421401841
497805835048
804966262979
306917190332
913848212805
115684952525
150332497758
777605836809
713831882407
428857435620
147904992014
115684952525
932156133900
107349643138
722499226402
125939488819
169742380756
738725956384
345453162639
175671450756
900226637747
550366020033
524107978519
119660921791
214791533079
153403689377
933204624110
664851333217
885915452847
495310417958
428993704186
159178043441
101660963538
180321676199
886296211841
802533202062
141437695261
440970218162
144359437731
102493313833
170913948645
134278408433
174743115128
759249448388
399256509383
166230766431
615918616844
940160005195
129387035861
152189479857
258459153789
168189951185
139054042304
178266985680
695912853252
876681588933
182540133361
241327636193
722755620017
175519666085
262187306042
608298247087
921092579864
157685858825
120367081661
182903398198
118065536976
757207735217
103963883029
110920298959
345921780841
138373212120
872491090745
932736744204
153295835261
984101639629
122626654288
122221495161
393680308602
152201658316
646034172803
171550372645
155522172925
102767318942
146975594282
122731577139
205681890974
332871761895
153295835261
146307271678
648578448145
168196848500
805434881181
226046805479
121625221735
174539906381
168484240682
247743847009
171028630419
154534489885
687322099385
728897535350
247510727989
140273278827
368791270818
452502390399
246635991329
980963890167
143945689170
116262649859
150931339783
153788830721
133190991603
148985630288
781789926401
583868812693
905957484030
759249448388
648410281501
116857270756
968851107625
172419674931
155909882867
718108932100
438983753252
891580434082
119847445357
296842637859
728009791305
591175003636
436275556228
686853481183
127910944157
175579763381
522388026232
115591228885
111014022599
231792950187
155161962010
127314892220
102953606663
345921780841
478010222387
177695612150
171028630419
136194187130
267907313608
420147993915
156860409783
275567526807
513879951811
204164044266
155660330739
149719156109
122579792468
778610569768
956148660587
891793952310
168986917249
173537163134
176824667980
674740698641
407871185504
899920529442
116741533138
175786667397
865927239955
253826174541
281664170776
771297928477
380161671455
804966262979
239778118371
191438980306
170908833455
124017093583
865728836409
117347663395
580741489827
147328427379
172825159028
972090422594
409866417467
174087117492
995698996184
465316829540
157977964397
165655908239
286631080842
462738445865
163755249726
159178043441
882099649580
175699873724
103873674345
734896238624
369566735621
380161671455
288370657487
175519666085
163239601704
555182466557
137872895312
546501599213
931104651125
138256924105
780269825424
532982962066
713282982597
980383279863
178671779255
228277617247
687790717587
556627916845
182938894854
129566573927
633515088852
118793947608
332871761895
153295835261
648613908031
154511411472
634329024692
119307588077
353379365601
155721558881
173306955278
165433306629
714646412974
153931677873
181474147136
805434881181
132868190953
131610050878
144178487592
270568272541
139120061603
106916350872
156918470813
911345218114
138013706200
241735166436
109755882525
132853173353
626093871490
768838336828
995698996184
130812567853
169642351607
487210899215
683450140345
863319726574
759249448388
578878612619
132052394842
158860599617
105757504420
957000780326
181534089237
322745444264
219794701155
116492632288
674272080439
179011133262
252391190229
130671882732
141985187502
162071112740
163813171137
456405733413
136575954230
162800678993
986326632146
108649527121
152189479857
140066600237
121625221735
996349913060
168484240682
465621421873
126290143497
262990921739
728291766716
158860599617
532982962066
853701622826
594627774396
160691305625
179189163458
110308919746
501513768219
650627125659
514739121494
179216455579
170911690891
147319903441
159094476351
158995803475
482095739036
133237853424
113425379898
110164835452
113778861270
120413943481
154355328844
143395597572
880377273808
215972273856
151021955784
162212888519
134278408433
290941646512
161589400739
852735217335
146279198873
980520529102
